0 0
0.15385 0.14037
0.30769 0.24872
0.46154 0.32062
0.61538 0.35567
0.76923 0.35678
0.92308 0.32942
1.0769 0.28064
1.2308 0.21824
1.3846 0.1499
1.5385 0.082558
1.6923 0.02189
1.8462 -0.027965
2 -0.064519
2.1538 -0.086879
2.3077 -0.095554
2.4615 -0.092179
2.6154 -0.079178
2.7692 -0.059415
2.9231 -0.035869
3.0769 -0.011351
3.2308 0.011723
3.3846 0.031471
3.5385 0.046629
3.6923 0.056555
3.8462 0.061184
4 0.060932
4.1538 0.056583
4.3077 0.049156
4.4615 0.039772
4.6154 0.029541
4.7692 0.019463
4.9231 0.010359
5.0769 0.0028268
5.2308 -0.0027734
5.3846 -0.0063114
5.5385 -0.00786
5.6923 -0.0076546
5.8462 -0.0060447
6 -0.0034441
6.1538 -0.00028323
6.3077 0.0030318
6.4615 0.0061508
6.6154 0.0088016
6.7692 0.0108
6.9231 0.012053
7.0769 0.01255
7.2308 0.01235
7.3846 0.011565
7.5385 0.010342
7.6923 0.0088423
7.8462 0.0072259
8 0.005637
8.1538 0.0041938
8.3077 0.0029827
8.4615 0.0020557
8.6154 0.0014315
8.7692 0.0010997
8.9231 0.0010261
9.0769 0.0011602
9.2308 0.0014422
9.3846 0.0018097
9.5385 0.0022039
9.6923 0.002574
9.8462 0.0028804
10 0.0030964
10.154 0.0032082
10.308 0.0032139
10.462 0.0031221
10.615 0.0029486
10.769 0.0027145
10.923 0.0024429
11.077 0.0021568
11.231 0.0018769
11.385 0.0016202
11.538 0.0013991
11.692 0.0012211
11.846 0.0010887
12 0.0010005
12.154 0.00095138
12.308 0.00093405
12.462 0.00093979
12.615 0.00095951
12.769 0.00098466
12.923 0.0010078
13.077 0.0010232
13.231 0.0010269
13.385 0.0010168
13.538 0.0009926
13.692 0.00095543
13.846 0.00090756
14 0.00085195
14.154 0.00079191
14.308 0.00073069
14.462 0.00067125
14.615 0.000616
14.769 0.00056671
14.923 0.00052441
15.077 0.00048946
15.231 0.00046159
15.385 0.00044007
15.538 0.00042379
15.692 0.00041147
15.846 0.00040178
16 0.00039345
16.154 0.00038538
16.308 0.00037672
16.462 0.00036686
16.615 0.00035549
16.769 0.00034253
16.923 0.00032814
17.077 0.0003126
17.231 0.00029634
17.385 0.00027981
17.538 0.00026346
17.692 0.00024771
17.846 0.00023288
18 0.00021923
18.154 0.00020687
18.308 0.00019587
18.462 0.00018615
18.615 0.00017761
18.769 0.00017008
18.923 0.00016335
19.077 0.00015723
19.231 0.00015152
19.385 0.00014605
19.538 0.0001407
19.692 0.00013536
19.846 0.00012998
20 0.00012454
20.154 0.00011905
20.308 0.00011356
20.462 0.0001081
20.615 0.00010275
20.769 9.7559e-05
20.923 9.2582e-05
21.077 8.7862e-05
21.231 8.3427e-05
21.385 7.9292e-05
21.538 7.5457e-05
21.692 7.1912e-05
21.846 6.8633e-05
22 6.5592e-05
22.154 6.2757e-05
22.308 6.0094e-05
22.462 5.7572e-05
22.615 5.5162e-05
22.769 5.2841e-05
22.923 5.0593e-05
23.077 4.8407e-05
23.231 4.6276e-05
23.385 4.4199e-05
23.538 4.2179e-05
23.692 4.0222e-05
23.846 3.8331e-05
24 3.6515e-05
24.154 3.4778e-05
24.308 3.3124e-05
24.462 3.1556e-05
24.615 3.0073e-05
24.769 2.8673e-05
24.923 2.7354e-05
25.077 2.611e-05
25.231 2.4935e-05
25.385 2.3823e-05
25.538 2.2768e-05
25.692 2.1764e-05
25.846 2.0806e-05
26 1.9887e-05
26.154 1.9006e-05
26.308 1.8159e-05
26.462 1.7344e-05
26.615 1.656e-05
26.769 1.5807e-05
26.923 1.5083e-05
27.077 1.4389e-05
27.231 1.3724e-05
27.385 1.309e-05
27.538 1.2485e-05
27.692 1.1908e-05
27.846 1.136e-05
28 1.084e-05
28.154 1.0345e-05
28.308 9.8749e-06
28.462 9.428e-06
28.615 9.0029e-06
28.769 8.5979e-06
28.923 8.2118e-06
29.077 7.8432e-06
29.231 7.4909e-06
29.385 7.1539e-06
29.538 6.8314e-06
29.692 6.5226e-06
29.846 6.2269e-06
30 5.9439e-06
