0 0
0.15385 0.011163
0.30769 0.041542
0.46154 0.085815
0.61538 0.1383
0.76923 0.19351
0.92308 0.24661
1.0769 0.29377
1.2308 0.33227
1.3846 0.36061
1.5385 0.37844
1.6923 0.38636
1.8462 0.38574
2 0.37844
2.1538 0.36661
2.3077 0.35241
2.4615 0.33783
2.6154 0.32454
2.7692 0.31382
2.9231 0.30646
3.0769 0.30283
3.2308 0.30289
3.3846 0.30626
3.5385 0.31234
3.6923 0.32034
3.8462 0.32947
4 0.33892
4.1538 0.348
4.3077 0.35617
4.4615 0.36303
4.6154 0.36836
4.7692 0.37213
4.9231 0.3744
5.0769 0.37539
5.2308 0.37537
5.3846 0.37465
5.5385 0.37353
5.6923 0.37232
5.8462 0.37125
6 0.37051
6.1538 0.37022
6.3077 0.37043
6.4615 0.37114
6.6154 0.3723
6.7692 0.37382
6.9231 0.37558
7.0769 0.37748
7.2308 0.37941
7.3846 0.38125
7.5385 0.38294
7.6923 0.38442
7.8462 0.38566
8 0.38665
8.1538 0.3874
8.3077 0.38795
8.4615 0.38833
8.6154 0.3886
8.7692 0.38879
8.9231 0.38895
9.0769 0.38912
9.2308 0.38931
9.3846 0.38956
9.5385 0.38987
9.6923 0.39024
9.8462 0.39066
10 0.39112
10.154 0.39161
10.308 0.3921
10.462 0.39259
10.615 0.39306
10.769 0.3935
10.923 0.39389
11.077 0.39425
11.231 0.39456
11.385 0.39483
11.538 0.39506
11.692 0.39526
11.846 0.39544
12 0.3956
12.154 0.39575
12.308 0.39589
12.462 0.39603
12.615 0.39618
12.769 0.39633
12.923 0.39648
13.077 0.39664
13.231 0.3968
13.385 0.39695
13.538 0.39711
13.692 0.39726
13.846 0.3974
14 0.39754
14.154 0.39766
14.308 0.39778
14.462 0.39789
14.615 0.39799
14.769 0.39808
14.923 0.39816
15.077 0.39824
15.231 0.39831
15.385 0.39838
15.538 0.39845
15.692 0.39851
15.846 0.39858
16 0.39864
16.154 0.3987
16.308 0.39876
16.462 0.39881
16.615 0.39887
16.769 0.39892
16.923 0.39897
17.077 0.39902
17.231 0.39907
17.385 0.39912
17.538 0.39916
17.692 0.3992
17.846 0.39923
18 0.39927
18.154 0.3993
18.308 0.39933
18.462 0.39936
18.615 0.39939
18.769 0.39942
18.923 0.39944
19.077 0.39947
19.231 0.39949
19.385 0.39951
19.538 0.39953
19.692 0.39956
19.846 0.39958
20 0.3996
20.154 0.39961
20.308 0.39963
20.462 0.39965
20.615 0.39967
20.769 0.39968
20.923 0.3997
21.077 0.39971
21.231 0.39972
21.385 0.39974
21.538 0.39975
21.692 0.39976
21.846 0.39977
22 0.39978
22.154 0.39979
22.308 0.3998
22.462 0.39981
22.615 0.39982
22.769 0.39983
22.923 0.39983
23.077 0.39984
23.231 0.39985
23.385 0.39985
23.538 0.39986
23.692 0.39987
23.846 0.39987
24 0.39988
24.154 0.39989
24.308 0.39989
24.462 0.3999
24.615 0.3999
24.769 0.3999
24.923 0.39991
25.077 0.39991
25.231 0.39992
25.385 0.39992
25.538 0.39992
25.692 0.39993
25.846 0.39993
26 0.39993
26.154 0.39994
26.308 0.39994
26.462 0.39994
26.615 0.39995
26.769 0.39995
26.923 0.39995
27.077 0.39995
27.231 0.39995
27.385 0.39996
27.538 0.39996
27.692 0.39996
27.846 0.39996
28 0.39996
28.154 0.39997
28.308 0.39997
28.462 0.39997
28.615 0.39997
28.769 0.39997
28.923 0.39997
29.077 0.39997
29.231 0.39998
29.385 0.39998
29.538 0.39998
29.692 0.39998
29.846 0.39998
30 0.39998
