t U I a w
0	0	0	0	0
0.00100000000000000	3.33333333333333	1.56325156325156	0	0.0405061171282811
0.00200000000000000	4.44444444444445	5.09747586803379	8.32302976844645e-05	0.134035943112718
0.00300000000000000	4.81481481481482	7.15665400228144	0.000302934771223239	0.295361086184276
0.00400000000000000	4.93827160493827	7.96882378088793	0.000709149121623042	0.492211432018129
0.00500000000000000	4.97942386831276	8.10369796422070	0.00132504884663452	0.700731650688283
0.00600000000000000	4.99314128943759	7.92793004481492	0.00215585224772677	0.908508260480703
0.00700000000000000	4.99771376314586	7.62673439042974	0.00319780145975761	1.11003013696613
0.00800000000000000	4.99923792104862	7.28403419731881	0.00444330268459918	1.30318418951009
0.00900000000000000	4.99974597368287	6.93536019482613	0.00588339868883647	1.48737305275464
0.0100000000000000	4.99991532456096	6.59488133473743	0.00750885456605899	1.66263181361453
0.0110000000000000	4.99997177485365	6.26778754530773	0.00931060321319319	1.82924226277839
0.0120000000000000	4.99999059161789	5.95562699136433	0.0112799139834594	1.98757201744396
0.0130000000000000	4.99999686387263	5.65851848297430	0.0134084467990470	2.13800976674918
0.0140000000000000	4.99999895462421	5.37604362380074	0.0156882605574610	2.28094013278955
0.0150000000000000	4.99999965154140	5.10759889118328	0.0181118040439838	2.41673443391529
0.0160000000000000	4.99999988384714	4.85253184427484	0.0206719006232551	2.54574769605030
0.0170000000000000	4.99999996128238	4.61019254530624	0.0233617311174682	2.66831806685485
0.0180000000000000	4.99999998709413	4.37995215043725	0.0261748165536394	2.78476712688966
0.0190000000000000	4.99999999569804	4.16120895277107	0.0291050013983520	2.89540051632553
0.0200000000000000	4.99999999856602	3.95338970052576	0.0321464374887420	3.00050865573439
0.0210000000000000	4.99999999952201	3.75594917762060	0.0352935687131260	3.10036747806719
0.0220000000000000	4.99999999984067	3.56836917709502	0.0385411164369799	3.19523914173894
0.0230000000000000	4.99999999994689	3.39015729098813	0.0418840656494438	3.28537271468326
0.0240000000000000	4.99999999998230	3.22084567325298	0.0453176517989843	3.37100482668751
0.0250000000000000	4.99999999999410	3.05998983204192	0.0488373482855084	3.45236029005281
0.0260000000000000	4.99999999999803	2.90716747032719	0.0524388545767801	3.52965268959059
0.0270000000000000	4.99999999999934	2.76197738000746	0.0561180849181913	3.60308494327613
0.0280000000000000	4.99999999999978	2.62403838962143	0.0598711576063420	3.67284983494690
0.0290000000000000	4.99999999999993	2.49298836401917	0.0636943847983017	3.73913052041335
0.0300000000000000	4.99999999999998	2.36848325377394	0.0675842628298115	3.80210100829946
0.0310000000000000	4.99999999999999	2.25019619198870	0.0715374630170134	3.86192661687130
0.0320000000000000	5.00000000000000	2.13781663618086	0.0755508229175590	3.91876440805145
0.0330000000000000	5	2.03104955301261	0.0796213380281580	3.97276359975805
0.0340000000000000	5	1.92961464373362	0.0837461538967670	4.02406595765093
0.0350000000000000	5	1.83324560830537	0.0879225586287135	4.07280616731315
0.0360000000000000	5	1.74168944627618	0.0921479757670792	4.11911218784491
0.0370000000000000	5	1.65470579257186	0.0964199575286519	4.16310558779844
0.0380000000000000	5	1.57206628645820	0.100736178377689	4.20490186433539
0.0390000000000000	5	1.49355397201896	0.105094428920620	4.24461074644493
0.0400000000000000	5	1.41896272857507	0.109492610105662	4.28233648301852
0.0410000000000000	5	1.34809672955003	0.113928727712114	4.31817811653753
0.0420000000000000	5	1.28076992836062	0.118400887114877	4.35222974309239
0.0430000000000000	5	1.21680556998339	0.122907288310433	4.38458075941581
0.0440000000000000	5	1.15603572691450	0.127446221191246	4.41531609757866
0.0450000000000000	5	1.09830085830473	0.132016061056167	4.44451644796458
0.0460000000000000	5	1.04344939111223	0.136615264345059	4.47225847110884
0.0470000000000000	5	0.991337322173319	0.141242364586439	4.49861499895748
0.0480000000000000	5	0.941827840146845	0.145895968547513	4.52365522607517
0.0490000000000000	5	0.894790966339293	0.150574752576478	4.54744489130368
0.0500000000000000	5	0.850103213467944	0.155277459127501	4.57004645034805
0.0510000000000000	5	0.807647261466088	0.160002893459247	4.59151923974334
0.0520000000000000	5	0.767311649479217	0.164749920498289	4.61191963263256
0.0530000000000000	5	0.728990483243580	0.169517461859168	4.63130118676480
0.0540000000000000	5	0.692583157078865	0.174304493013274	4.64971478510187
0.0550000000000000	5	0.657994089765167	0.179110040599122	4.66720876940291
0.0560000000000000	5	0.625132473610803	0.183933179866960	4.68382906713739
0.0570000000000000	5	0.593912036052226	0.188773032250991	4.69961931205981
0.0580000000000000	5	0.564250813160132	0.193628763062853	4.71462095876274
0.0590000000000000	5	0.536070934457158	0.198499579300286	4.72887339150873
0.0600000000000000	5	0.509298418482236	0.203384727565238	4.74241402762699
0.0610000000000000	5	0.483862978564893	0.208283492085952	4.75527841574618
0.0620000000000000	5	0.459697838299604	0.213195192837822	4.76750032912128
0.0630000000000000	5	0.436739556235727	0.218119183758113	4.77911185429950
0.0640000000000000	5	0.414927859322814	0.223054851049825	4.79014347535806
0.0650000000000000	5	0.394205484674002	0.228001611570280	4.80062415393488
0.0660000000000000	5	0.374518029232076	0.232958911300179	4.81058140526244
0.0670000000000000	5	0.355813806943536	0.237926223889117	4.82004137040436
0.0680000000000000	5	0.338043713065680	0.242903049273741	4.82902888488423
0.0690000000000000	5	0.321161095250489	0.247888912364922	4.83756754388712
0.0700000000000000	5	0.305121631066847	0.252883361800482	4.84567976420462
0.0710000000000000	5	0.289883211639567	0.257885968760229	4.85338684308639
0.0720000000000000	5	0.275405831099731	0.262896325840155	4.86070901415239
0.0730000000000000	5	0.261651481556101	0.267914045982872	4.86766550051281
0.0740000000000000	5	0.248584053311897	0.272938761461454	4.87427456523507
0.0750000000000000	5	0.236169240064946	0.277970122914037	4.88055355929042
0.0760000000000000	5	0.224374448842351	0.283007798426627	4.88651896710586
0.0770000000000000	5	0.213168714433192	0.288051472661716	4.89218644984131
0.0780000000000000	5	0.202522618094663	0.293100846030418	4.89757088650520
0.0790000000000000	5	0.192408210318176	0.298155633905950	4.90268641301684
0.0800000000000000	5	0.182798937452700	0.303215565876392	4.90754645931784
0.0810000000000000	5	0.173669571992685	0.308280385034767	4.91216378463013
0.0820000000000000	5	0.164996146347551	0.313349847304577	4.91655051095311
0.0830000000000000	5	0.156755889918868	0.318423720799017	4.92071815488790
0.0840000000000000	5	0.148927169320043	0.323501785212203	4.92467765787221
0.0850000000000000	5	0.141489431581551	0.328583831240791	4.92843941490521
0.0860000000000000	5	0.134423150192623	0.333669660034489	4.93201330183786
0.0870000000000000	5	0.127709773837727	0.338759082674008	4.93540870130019
0.0880000000000000	5	0.121331677693256	0.343851919675089	4.93863452733389
0.0890000000000000	5	0.115272117156560	0.348948000517297	4.94169924879454
0.0900000000000000	5	0.109515183885850	0.354047163196346	4.94461091158517
0.0910000000000000	5	0.104045764035564	0.359149253798788	4.94737715977940
0.0920000000000000	5	0.0988494985775494	0.364254126097938	4.95000525568966
0.0930000000000000	5	0.0939127456038770	0.369361641169980	4.95250209893311
0.0940000000000000	5	0.0892225445123466	0.374471667029248	4.95487424454547
0.0950000000000000	5	0.0847665819806366	0.379584078281719	4.95712792019012
0.0960000000000000	5	0.0805331596397780	0.384698755795813	4.95926904250772
0.0970000000000000	5	0.0765111633620840	0.389815586389631	4.96130323264945
0.0980000000000000	5	0.0726900340829039	0.394934462533821	4.96323583103425
0.0990000000000000	5	0.0690597400796065	0.400055282069271	4.96507191136928
0.100000000000000	5	0.0656107506349956	0.405177947938913	4.96681629397004
0.101000000000000	5	0.0623340110160469	0.410302367932912	4.96847355841527
0.102000000000000	5	0.0592209187022516	0.415428454446590	4.97004805556985
0.103000000000000	5	0.0562633008011602	0.420556124250430	4.97154391900731
0.104000000000000	5	0.0534533925918556	0.425685298271573	4.97296507586173
0.105000000000000	5	0.0507838171400013	0.430815901386226	4.97431525713784
0.106000000000000	5	0.0482475659309603	0.435947862222439	4.97559800750610
0.107000000000000	5	0.0458379804701374	0.441081112972725	4.97681669460863
0.108000000000000	5	0.0435487348022345	0.446215589216048	4.97797451790038
0.109000000000000	5	0.0413738189035372	0.451351229748695	4.97907451704874
0.110000000000000	5	0.0393075229036231	0.456487976423595	4.98011957991372
0.111000000000000	5	0.0373444220950755	0.461625773997664	4.98111245012947
0.112000000000000	5	0.0354793626918317	0.466764569986776	4.98205573430724
0.113000000000000	5	0.0337074482988066	0.471904314527974	4.98295190887862
0.114000000000000	5	0.0320240270572362	0.477044960248559	4.98380332659697
0.115000000000000	5	0.0304246794320210	0.482186462141729	4.98461222271416
0.116000000000000	5	0.0289052066089872	0.487328777448412	4.98538072084887
0.117000000000000	5	0.0274616194716228	0.492471865545020	4.98611083856177
0.118000000000000	5	0.0260901281283264	0.497615687836789	4.98680449265227
0.119000000000000	5	0.0247871319626961	0.502760207656460	4.98746350419077
0.120000000000000	5	0.0235492101807287	0.507905390168014	4.98808960329958
0.121000000000000	5	0.0223731128301058	0.513051202275219	4.98868443369503
0.122000000000000	5	0.0212557522680025	0.518197612534735	4.98924955700277
0.123000000000000	5	0.0201941950549994	0.523344591073573	4.98978645685759
0.124000000000000	5	0.0191856542538490	0.528492109510660	4.99029654279839
0.125000000000000	5	0.0182274821128423	0.533640140882336	4.99078115396875
0.126000000000000	5	0.0173171631145883	0.538788659571564	4.99124156263256
0.127000000000000	5	0.0164523073719524	0.543937641240675	4.99167897751418
0.128000000000000	5	0.0156306443538181	0.549087062767474	4.99209454697171
0.129000000000000	5	0.0148500169241943	0.554236902184539	4.99248936201182
0.130000000000000	5	0.0141083756790235	0.559387138621545	4.99286445915400
0.131000000000000	5	0.0134037735658181	0.564537752250478	4.99322082315176
0.132000000000000	5	0.0127343607720082	0.569688724233575	4.99355938957796
0.133000000000000	5	0.0120983798685781	0.574840036673871	4.99388104728094
0.134000000000000	5	0.0114941611962291	0.579991672568215	4.99418664071810
0.135000000000000	5	0.0109201184819828	0.585143615762626	4.99447697217283
0.136000000000000	5	0.0103747446746842	0.590295850909890	4.99475280386082
0.137000000000000	5	0.00985660798850165	0.595448363429264	4.99501485993107
0.138000000000000	5	0.00936434814401400	0.600601139468198	4.99526382836706
0.139000000000000	5	0.00889667279702998	0.605754165865969	4.99550036279293
0.140000000000000	5	0.00845235414576042	0.610907430119126	4.99572508418941
0.141000000000000	5	0.00803022570743761	0.616060920348669	4.99593858252419
0.142000000000000	5	0.00762917925590308	0.621214625268859	4.99614141830070
0.143000000000000	5	0.00724816191216161	0.626368534157591	4.99633412402963
0.144000000000000	5	0.00688617338021711	0.631522636828245	4.99651720562699
0.145000000000000	5	0.00654226332097439	0.636676923602943	4.99669114374226
0.146000000000000	5	0.00621552885727914	0.641831385287138	4.99685639502026
0.147000000000000	5	0.00590511220357126	0.646986013145481	4.99701339330002
0.148000000000000	5	0.00561019841391709	0.652140798878883	4.99716255075372
0.149000000000000	5	0.00533001324250587	0.657295734602730	4.99730425896879
0.150000000000000	5	0.00506382111100022	0.662450812826183	4.99743888997597
0.151000000000000	5	0.00481092317739756	0.667606026432509	4.99756679722597
0.152000000000000	5	0.00457065550134510	0.672761368660401	4.99768831651745
0.153000000000000	5	0.00434238730107409	0.677916833086227	4.99780376687856
0.154000000000000	5	0.00412551929739270	0.683072413607164	4.99791345140452
0.155000000000000	5	0.00391948214037761	0.688228104425175	4.99801765805333
0.156000000000000	5	0.00372373491464339	0.693383900031792	4.99811666040176
0.157000000000000	5	0.00353776371926548	0.698539795193651	4.99821071836357
0.158000000000000	5	0.00336108031861496	0.703695784938752	4.99830007887188
0.159000000000000	5	0.00319322086058623	0.708851864543408	4.99838497652746
0.160000000000000	5	0.00303374465882502	0.714008029519843	4.99846563421461
0.161000000000000	5	0.00288223303578816	0.719164275604409	4.99854226368631
0.162000000000000	5	0.00273828822357330	0.724320598746396	4.99861506612016
0.163000000000000	5	0.00260153231964861	0.729476995097392	4.99868423264652
0.164000000000000	5	0.00247160629473323	0.734633461001185	4.99874994485031
0.165000000000000	5	0.00234816905022592	0.739789992984161	4.99881237524770
0.166000000000000	5	0.00223089652271506	0.744946587746186	4.99887168773903
0.167000000000000	5	0.00211948083319815	0.750103242151941	4.99892803803913
0.168000000000000	5	0.00201362947880119	0.755259953222694	4.99898157408609
0.169000000000000	5	0.00191306456486225	0.760416718128472	4.99903243642967
0.170000000000000	5	0.00181752207536757	0.765573534180643	4.99908075860026
0.171000000000000	5	0.00172675117982037	0.770730398824846	4.99912666745947
0.172000000000000	5	0.00164051357472919	0.775887309634293	4.99917028353318
0.173000000000000	5	0.00155858285798462	0.781044264303395	4.99921172132795
0.174000000000000	5	0.00148074393447325	0.786201260641706	4.99925108963163
0.175000000000000	5	0.00140679245139049	0.791358296568179	4.99928849179898
0.176000000000000	5	0.00133653426174171	0.796515370105697	4.99932402602300
0.177000000000000	5	0.00126978491464350	0.801672479375885	4.99935778559274
0.178000000000000	5	0.00120636917107836	0.806829622594178	4.99938985913819
0.179000000000000	5	0.00114612054383817	0.811986798065136	4.99942033086295
0.180000000000000	5	0.00108888086043754	0.817144004177992	4.99944928076535
0.181000000000000	5	0.00103449984785726	0.822301239402426	4.99947678484841
0.182000000000000	5	0.000982834738032134	0.827458502284543	4.99950291531941
0.183000000000000	5	0.000933749893036992	0.832615791443061	4.99952774077943
0.184000000000000	5	0.000887116448989089	0.837773105565680	4.99955132640348
0.185000000000000	5	0.000842811977742520	0.842930443405640	4.99957373411160
0.186000000000000	5	0.000800720165470267	0.848087803778448	4.99959502273140
0.187000000000000	5	0.000760730507304009	0.853245185558765	4.99961524815250
0.188000000000000	5	0.000722738017224808	0.858402587677455	4.99963446347332
0.189000000000000	5	0.000686642952434133	0.863560009118776	4.99965271914038
0.190000000000000	5	0.000652350551501514	0.868717448917716	4.99967006308082
0.191000000000000	5	0.000619770785581765	0.873874906157456	4.99968654082821
0.192000000000000	5	0.000588818122059666	0.879032379966966	4.99970219564205
0.193000000000000	5	0.000559411300004188	0.884189869518716	4.99971706862138
0.194000000000000	5	0.000531473116821609	0.889347374026506	4.99973119881268
0.195000000000000	5	0.000504930225581244	0.894504892743399	4.99974462331235
0.196000000000000	5	0.000479712942454759	0.899662424959763	4.99975737736412
0.197000000000000	5	0.000455755063767412	0.904819970001405	4.99976949445157
0.198000000000000	5	0.000432993692201236	0.909977527227805	4.99978100638606
0.199000000000000	5	0.000411369071658199	0.915135096030429	4.99979194339020
0.200000000000000	5	0.000390824430390633	0.920292675831137	4.99980233417722
0.201000000000000	5	0.000371305831947921	0.925450266080660	4.99981220602637
0.202000000000000	5	0.000352762033584604	0.930607866257164	4.99982158485450
0.203000000000000	5	0.000335144351721980	0.935765475864873	4.99983049528412
0.204000000000000	5	0.000318406534142657	0.940923094432773	4.99983896070804
0.205000000000000	5	0.000302504638566571	0.946080721513373	4.99984700335080
0.206000000000000	5	0.000287396917277410	0.951238356681532	4.99985464432697
0.207000000000000	5	0.000273043707535859	0.956395999533339	4.99986190369663
0.208000000000000	5	0.000259407327438047	0.961553649685056	4.99986880051802
0.209000000000000	5	0.000246451976995951	0.966711306772112	4.99987535289757
0.210000000000000	5	0.000234143644147752	0.971868970448139	4.99988157803743
0.211000000000000	5	0.000222450015468648	0.977026640384072	4.99988749228064
0.212000000000000	5	0.000211340391331904	0.982184316267276	4.99989311115404
0.213000000000000	5	0.000200785605314821	0.987341997800734	4.99989844940902
0.214000000000000	5	0.000190757947628534	0.992499684702259	4.99990352106026
0.215000000000000	5	0.000181231092370927	0.997657376703758	4.99990833942251
0.216000000000000	5	0.000172180028408703	1.00281507355053	4.99991291714557
0.217000000000000	5	0.000163580993720618	1.00797277500059	4.99991726624745
0.218000000000000	5	0.000155411413005990	1.01313048082404	4.99992139814599
0.219000000000000	5	0.000147649838428008	1.01828819080246	4.99992532368878
0.220000000000000	5	0.000140275893294804	1.02344590472834	4.99992905318166
0.221000000000000	5	0.000133270218573900	1.02860362240455	4.99993259641579
0.222000000000000	5	0.000126614422062242	1.03376134364378	4.99993596269331
0.223000000000000	5	0.000120291030101870	1.03891906826809	4.99993916085181
0.224000000000000	5	0.000114283441706603	1.04407679610842	4.99994219928751
0.225000000000000	5	0.000108575884979380	1.04923452700415	4.99994508597731
0.226000000000000	5	0.000103153375701537	1.05439226080269	4.99994782849972
0.227000000000000	5	9.80016780037566e-05	1.05954999735907	4.99995043405476
0.228000000000000	5	9.31072669817793e-05	1.06470773653556	4.99995290948287
0.229000000000000	5	8.84572931950297e-05	1.06986547820130	4.99995526128287
0.230000000000000	5	8.40395489321121e-05	1.07502322223197	4.99995749562900
0.231000000000000	5	7.98424361597876e-05	1.08018096850947	4.99995961838716
0.232000000000000	5	7.58549360726667e-05	1.08533871692158	4.99996163513029
0.233000000000000	5	7.20665801713123e-05	1.09049646736169	4.99996355115301
0.234000000000000	5	6.84674227751595e-05	1.09565421972853	4.99996537148550
0.235000000000000	5	6.50480149105731e-05	1.10081197392587	4.99996710090673
0.236000000000000	5	6.17993795037371e-05	1.10596972986228	4.99996874395701
0.237000000000000	5	5.87129878173485e-05	1.11112748745093	4.99997030494989
0.238000000000000	5	5.57807370580805e-05	1.11628524660928	4.99997178798348
0.239000000000000	5	5.29949291031305e-05	1.12144300725895	4.99997319695124
0.240000000000000	5	5.03482502870415e-05	1.12660076932545	4.99997453555217
0.241000000000000	5	4.78337522078322e-05	1.13175853273804	4.99997580730054
0.242000000000000	5	4.54448334795417e-05	1.13691629742947	4.99997701553510
0.243000000000000	5	4.31752224037560e-05	1.14207406333588	4.99997816342788
0.244000000000000	5	4.10189605042654e-05	1.14723183039660	4.99997925399247
0.245000000000000	5	3.89703868831642e-05	1.15238959855397	4.99998029009195
0.246000000000000	5	3.70241233597200e-05	1.15754736775323	4.99998127444643
0.247000000000000	5	3.51750603529177e-05	1.16270513794234	4.99998220964017
0.248000000000000	5	3.34183434621788e-05	1.16786290907187	4.99998309812836
0.249000000000000	5	3.17493607273880e-05	1.17302068109485	4.99998394224357
0.250000000000000	5	3.01637305197835e-05	1.17817845396665	4.99998474420188
0.251000000000000	5	2.86572900370285e-05	1.18333622764490	4.99998550610870
0.252000000000000	5	2.72260843761932e-05	1.18849400208930	4.99998622996427
0.253000000000000	5	2.58663561539619e-05	1.19365177726161	4.99998691766897
0.254000000000000	5	2.45745356333623e-05	1.19880955312545	4.99998757102825
0.255000000000000	5	2.33472313611058e-05	1.20396732964631	4.99998819175738
0.256000000000000	5	2.21812212590877e-05	1.20912510679136	4.99998878148598
0.257000000000000	5	2.10734441666075e-05	1.21428288452944	4.99998934176230
0.258000000000000	5	2.00209918062479e-05	1.21944066283092	4.99998987405722
0.259000000000000	5	1.90211011424586e-05	1.22459844166766	4.99999037976822
0.260000000000000	5	1.80711471307892e-05	1.22975622101295	4.99999086022293
0.261000000000000	5	1.71686358314515e-05	1.23491400084137	4.99999131668273
0.262000000000000	5	1.63111978553679e-05	1.24007178112880	4.99999175034595
0.263000000000000	5	1.54965821449105e-05	1.24522956185231	4.99999216235112
0.264000000000000	5	1.47226500655685e-05	1.25038734299013	4.99999255377988
0.265000000000000	5	1.39873697903736e-05	1.25554512452157	4.99999292565985
0.266000000000000	5	1.32888109676058e-05	1.26070290642696	4.99999327896736
0.267000000000000	5	1.26251396501101e-05	1.26586068868763	4.99999361462994
0.268000000000000	5	1.19946134809934e-05	1.27101847128584	4.99999393352882
0.269000000000000	5	1.13955771214262e-05	1.27617625420473	4.99999423650122
0.270000000000000	5	1.08264579035455e-05	1.28133403742828	4.99999452434254
0.271000000000000	5	1.02857617022186e-05	1.28649182094128	4.99999479780845
0.272000000000000	5	9.77206901447697e-06	1.29164960472928	4.99999505761690
0.273000000000000	5	9.28403122522941e-06	1.29680738877854	4.99999530444996
0.274000000000000	5	8.82036707519438e-06	1.30196517307600	4.99999553895565
0.275000000000000	5	8.37985929392905e-06	1.30712295760928	4.99999576174964
0.276000000000000	5	7.96135140238341e-06	1.31228074236660	4.99999597341683
0.277000000000000	5	7.56374468019072e-06	1.31743852733677	4.99999617451290
0.278000000000000	5	7.18599527730003e-06	1.32259631250916	4.99999636556582
0.279000000000000	5	6.82711147910239e-06	1.32775409787367	4.99999654707715
0.280000000000000	5	6.48615109705676e-06	1.33291188342070	4.99999671952341
0.281000000000000	5	6.16221899713009e-06	1.33806966914115	4.99999688335735
0.282000000000000	5	5.85446475050434e-06	1.34322745502634	4.99999703900907
0.283000000000000	5	5.56208040250727e-06	1.34838524106805	4.99999718688722
0.284000000000000	5	5.28429834645749e-06	1.35354302725847	4.99999732738002
0.285000000000000	5	5.02038931279704e-06	1.35870081359016	4.99999746085632
0.286000000000000	5	4.76966045503922e-06	1.36385860005608	4.99999758766652
0.287000000000000	5	4.53145352637405e-06	1.36901638664951	4.99999770814356
0.288000000000000	5	4.30514315598646e-06	1.37417417336410	4.99999782260371
0.289000000000000	5	4.09013520418165e-06	1.37933196019378	4.99999793134749
0.290000000000000	5	3.88586520444381e-06	1.38448974713281	4.99999803466037
0.291000000000000	5	3.69179687861818e-06	1.38964753417574	4.99999813281358
0.292000000000000	5	3.50742073627756e-06	1.39480532131736	4.99999822606482
0.293000000000000	5	3.33225272835272e-06	1.39996310855276	4.99999831465890
0.294000000000000	5	3.16583298122410e-06	1.40512089587725	4.99999839882839
0.295000000000000	5	3.00772458696928e-06	1.41027868328637	4.99999847879429
0.296000000000000	5	2.85751246074675e-06	1.41543647077591	4.99999855476652
0.297000000000000	5	2.71480224590631e-06	1.42059425834185	4.99999862694454
0.298000000000000	5	2.57921928114771e-06	1.42575204598036	4.99999869551783
0.299000000000000	5	2.45040761655799e-06	1.43090983368784	4.99999876066643
0.300000000000000	5	2.32802907954934e-06	1.43606762146082	4.99999882256137