t M_0 M_28 M_57 M_86 M_115 M_144
0	0	0	0	0	0	0
0.00100000000000000	0	-5.20697922985816e-06	-1.04139584597163e-05	-1.56209376895745e-05	-2.08279169194327e-05	-2.60348961492908e-05
0.00200000000000000	1.38063595579079e-06	-1.94185893638994e-05	-4.02178146835895e-05	-6.10170400032797e-05	-8.18162653229699e-05	-0.000102615490642660
0.00300000000000000	7.31382546036298e-06	-3.93931487687743e-05	-8.61001229979116e-05	-0.000132807097227049	-0.000179514071456186	-0.000226221045685323
0.00400000000000000	2.26031330433447e-05	-6.02162725413577e-05	-0.000143035678126060	-0.000225855083710763	-0.000308674489295465	-0.000391493894880167
0.00500000000000000	5.33202846343577e-05	-7.56687773890109e-05	-0.000204657839412380	-0.000333646901435748	-0.000462635963459117	-0.000591625025482485
0.00600000000000000	0.000106488109713922	-7.85479076704418e-05	-0.000263583925054806	-0.000448619942439170	-0.000633655959823535	-0.000818691977207899
0.00700000000000000	0.000189805274411856	-6.09465239648113e-05	-0.000311698322341478	-0.000562450120718145	-0.000813201919094812	-0.00106395371747148
0.00800000000000000	0.000311408577141020	-1.44944879082909e-05	-0.000340397552957602	-0.000666300618006913	-0.000992203683056225	-0.00131810674810554
0.00900000000000000	0.000479668952119091	6.94338961192446e-05	-0.000340801159880602	-0.000751036215880448	-0.00116127127188029	-0.00157150632788014
0.0100000000000000	0.000703017668345530	0.000199542863566289	-0.000303931941212952	-0.000807406745992193	-0.00131088155077143	-0.00181435635555068
0.0110000000000000	0.000989799524999094	0.000384465390604226	-0.000220868743790642	-0.000826202878185509	-0.00143153701258038	-0.00203687114697525
0.0120000000000000	0.00134815013128479	0.000632637694102373	-8.28747430800437e-05	-0.000798387180262460	-0.00151389961744488	-0.00222941205462729
0.0130000000000000	0.00178589462174264	0.000952195374124562	0.000118496126506488	-0.000715203121111586	-0.00154890236872966	-0.00238260161634773
0.0140000000000000	0.00231046539898271	0.00135088878310353	0.000391312167224346	-0.000568264448654833	-0.00152784106453401	-0.00248741768041319
0.0150000000000000	0.00292883671659470	0.00183601542645490	0.000743194136315108	-0.000349627153824685	-0.00144244844396448	-0.00253526973410427
0.0160000000000000	0.00364747411729107	0.00241436740157910	0.00118126068586714	-5.18460298448192e-05	-0.00128495274555678	-0.00251805946126874
0.0170000000000000	0.00447229692672401	0.00309219206750553	0.00171208720828706	0.000331982349068586	-0.00104812251014989	-0.00242822736936836
0.0180000000000000	0.00540865217327444	0.00387516430726150	0.00234167644124856	0.000808188575235630	-0.000725299290777308	-0.00225878715679024
0.0190000000000000	0.00646129845972806	0.00476836890067590	0.00307543934162373	0.00138250978257158	-0.000310419776480587	-0.00200334933553275
0.0200000000000000	0.00763439845529891	0.00577629166792078	0.00391818488054265	0.00206007809316452	0.000201971305786391	-0.00165613548159174
0.0210000000000000	0.00893151880700328	0.00690281817471735	0.00487411754243142	0.00284541691014549	0.000816716277859555	-0.00121198435442638
0.0220000000000000	0.0103556363889015	0.00815123890975803	0.00594684143061457	0.00374244395147110	0.00153804647232763	-0.000666351006815832
0.0230000000000000	0.0119091499171056	0.00952425995441367	0.00713936999172175	0.00475448002902984	0.00236959006633791	-1.52998963540052e-05
0.0240000000000000	0.0135938960585125	0.0110240182650166	0.00845414047152065	0.00588426267802474	0.00331438488452882	0.000744507091032904
0.0250000000000000	0.0154111692527146	0.0126521007796825	0.00989303230665047	0.00713396383361843	0.00437489536058638	0.00161582688755433
0.0260000000000000	0.0173617445501469	0.0144095666454402	0.0114573887407334	0.00850521083602671	0.00555303293131998	0.00260085502661325
0.0270000000000000	0.0194459028458820	0.0162969719380004	0.0131480410301187	0.00999911012223706	0.00685017921435540	0.00370124830647375
0.0280000000000000	0.0216634579581577	0.0183143963163976	0.0149653346746375	0.0116162730328774	0.00826721139111728	0.00491814974935718
0.0290000000000000	0.0240137850642488	0.0204614711184969	0.0169091571727450	0.0133568432269931	0.00980452928124120	0.00625221533548931
0.0300000000000000	0.0264958500641611	0.0227374084614698	0.0189789668587786	0.0152205252560874	0.0114620836533962	0.00770364205070495
0.0310000000000000	0.0291082394952799	0.0251410309642483	0.0211738224332166	0.0172066139021849	0.0132394053711533	0.00927219684012159
0.0320000000000000	0.0318491906689652	0.0276708017570768	0.0234924128451883	0.0193140239332999	0.0151356350214115	0.0109572461095230
0.0330000000000000	0.0347166217435234	0.0303248544869831	0.0259330872304428	0.0215413199739025	0.0171495527173621	0.0127577854608218
0.0340000000000000	0.0377081614873646	0.0331010230676194	0.0284938846478741	0.0238867462281289	0.0192796078083837	0.0146724693886385
0.0350000000000000	0.0408211785217831	0.0359968709578191	0.0311725633938550	0.0263482558298910	0.0215239482659269	0.0166996407019629
0.0360000000000000	0.0440528098649948	0.0390097197856647	0.0339666297063347	0.0289235396270046	0.0238804495476745	0.0188373594683444
0.0370000000000000	0.0473999886280839	0.0421366771641389	0.0368733657001939	0.0316100542362489	0.0263467427723039	0.0210834313083589
0.0380000000000000	0.0508594707396312	0.0453746635708006	0.0398898564019699	0.0344050492331393	0.0289202420643086	0.0234354348954780
0.0390000000000000	0.0544278605992293	0.0487204381876131	0.0430130157759969	0.0373055933643807	0.0315981709527645	0.0258907485411484
0.0400000000000000	0.0581016355810783	0.0521706236182799	0.0462396116554816	0.0403085996926833	0.0343775877298849	0.0284465757670866
0.0410000000000000	0.0618771693275786	0.0557217294194070	0.0495662895112353	0.0434108496030637	0.0372554096948921	0.0310999697867205
0.0420000000000000	0.0657507537895041	0.0593701743987083	0.0529895950079125	0.0466090156171168	0.0402284362263210	0.0338478568355252
0.0430000000000000	0.0697186199841026	0.0631123076484625	0.0565059953128223	0.0498996829771822	0.0432933706415421	0.0366870583059020
0.0440000000000000	0.0737769574555064	0.0669444282956798	0.0601118991358533	0.0532793699760268	0.0464468408162002	0.0396143116563737
0.0450000000000000	0.0779219324332851	0.0708628039621037	0.0638036754909222	0.0567445470197407	0.0496854185485593	0.0426262900773778
0.0460000000000000	0.0821497046949744	0.0748636879373714	0.0675776711797684	0.0602916544221654	0.0530056376645624	0.0457196209069595
0.0470000000000000	0.0864564431470943	0.0789433350775410	0.0714302270079877	0.0639171189384344	0.0564040108688811	0.0488909027993278
0.0480000000000000	0.0908383401466553	0.0830980164488561	0.0753576927510570	0.0676173690532579	0.0598770453554588	0.0521367216576597
0.0490000000000000	0.0952916245915308	0.0873240327431891	0.0793564408948474	0.0713888490465056	0.0634212571981639	0.0554536653498222
0.0500000000000000	0.0998125738134759	0.0916177264971682	0.0834228791808605	0.0752280318645528	0.0670331845482451	0.0588383372319374
0.0510000000000000	0.104397524312064	0.0959754931516574	0.0875534619912509	0.0791314308308445	0.0707093996704381	0.0622873685100317
0.0520000000000000	0.109042881371500	0.100393790992094	0.0917447006126881	0.0830956102332821	0.0744465198538760	0.0657974294744699
0.0530000000000000	0.113745127605228	0.104869150013296	0.0959931724213640	0.0871171948294322	0.0782412172375005	0.0693652396455688
0.0540000000000000	0.118500830475523	0.109398179754773	0.100295529034023	0.0911928783132731	0.0820902275925231	0.0729875768717731
0.0550000000000000	0.123306648837006	0.113977576154434	0.104648503471861	0.0953194307892882	0.0859903581067155	0.0766612854241429
0.0560000000000000	0.128159338554141	0.118604127469852	0.109048916385562	0.0994937053012733	0.0899384942169841	0.0803832831326950
0.0570000000000000	0.133055757243530	0.123274719317110	0.113493681390691	0.103712643464272	0.0939316055378525	0.0841505676114332
0.0580000000000000	0.137992868192098	0.127986338877626	0.117979809563154	0.107973280248681	0.0979667509342092	0.0879602216197369
0.0590000000000000	0.142967743502172	0.132736078323380	0.122504413144589	0.112272747965797	0.102041082787005	0.0918094176082135
0.0600000000000000	0.147977566514080	0.137521137510704	0.127064708507327	0.116608279503950	0.106151850500573	0.0956954214971961
0.0610000000000000	0.153019633556220	0.142338825992142	0.131658018428065	0.120977210863987	0.110296403299909	0.0996155957358313
0.0620000000000000	0.158091355071611	0.147186564395126	0.136281773718642	0.125376983042158	0.114472192365674	0.103567401689189
0.0630000000000000	0.163190256168833	0.152061885215082	0.140933514261331	0.129805143307580	0.118676772353829	0.107548401400078
0.0640000000000000	0.168313976643950	0.156962433069416	0.145610889494883	0.134259345920350	0.122907802345816	0.111556258771283
0.0650000000000000	0.173460270518542	0.161885964457397	0.150311658396253	0.138737352335109	0.127163046273964	0.115588740212820
0.0660000000000000	0.178627005137441	0.166830347069454	0.155033689001467	0.143237030933480	0.131440372865493	0.119643714797506
0.0670000000000000	0.183812159868043	0.171793558687783	0.159774957507523	0.147756356327263	0.135737755147003	0.123719153966744
0.0680000000000000	0.189013824441362	0.176773685718469	0.164533546995575	0.152293408272682	0.140053269549788	0.127813130826895
0.0690000000000000	0.194230196973163	0.181768921393542	0.169307645813921	0.156846370234300	0.144385094654679	0.131923819075058
0.0700000000000000	0.199459581701682	0.186777563679619	0.174095545657557	0.161413527635494	0.148731509613431	0.136049491591369
0.0710000000000000	0.204700386476552	0.191798012927898	0.178895639379244	0.165993265830590	0.153090892281936	0.140188518733282
0.0720000000000000	0.209951120031707	0.196828769298474	0.183706418565242	0.170584067832009	0.157461717098777	0.144339366365544
0.0730000000000000	0.215210389073120	0.201868429990062	0.188526470907003	0.175184511823944	0.161842552740885	0.148500593657826
0.0740000000000000	0.220476895210404	0.206915686304371	0.193354477398338	0.179793268492305	0.166232059586272	0.152670850680239
0.0750000000000000	0.225749431759430	0.211969320572584	0.198189209385738	0.184409098198892	0.170628987012046	0.156848875825200
0.0760000000000000	0.231026880441336	0.217028202969551	0.203029525497765	0.189030848025980	0.175032170554195	0.161033493082409
0.0770000000000000	0.236308208001511	0.222091288239602	0.207874368477693	0.193657448715784	0.179440528953875	0.165223609191967
0.0780000000000000	0.241592462770398	0.227157612356120	0.212722761941842	0.198287911527563	0.183853061113285	0.169418210699007
0.0790000000000000	0.246878771186322	0.232226289135374	0.217573807084425	0.202921325033477	0.188268842982528	0.173616360931579
0.0800000000000000	0.252166334298871	0.237296506823481	0.222426679348091	0.207556851872701	0.192687024397311	0.177817196921921
0.0810000000000000	0.257454424269836	0.242367524673810	0.227280625077783	0.212193725481757	0.197106825885730	0.182019926289703
0.0820000000000000	0.262742380887182	0.247438669530617	0.232134958174052	0.216831246817488	0.201527535460923	0.186223824104358
0.0830000000000000	0.268029608106082	0.252509332433294	0.236989056760505	0.221468781087717	0.205948505414928	0.190428229742140
0.0840000000000000	0.273315570629684	0.257578965254185	0.241842359878685	0.226105754503186	0.210369149127687	0.194632543752188
0.0850000000000000	0.278599790540922	0.262647077381645	0.246694364222368	0.230741651063091	0.214788937903815	0.198836224744538
0.0860000000000000	0.283881843995496	0.267713232458747	0.251544620921999	0.235376009385250	0.219207397848501	0.203038786311753
0.0870000000000000	0.289161357984898	0.272777045186849	0.256392732388799	0.240008419590750	0.223624106792700	0.207239793994651
0.0880000000000000	0.294438007177290	0.277838178202120	0.261238349226951	0.244638520251781	0.228038691276612	0.211438862301442
0.0890000000000000	0.299711510842959	0.282896339032071	0.266081167221183	0.249265995410295	0.232450823599407	0.215635651788520
0.0900000000000000	0.304981629870112	0.287951277138112	0.270920924406112	0.253890571674112	0.236860218942112	0.219829866210112
0.0910000000000000	0.310248163875812	0.293002781049259	0.275757398222706	0.258512015396153	0.241266632569600	0.224021249743047
0.0920000000000000	0.315510948416040	0.298050675591225	0.280590402766411	0.263130129941596	0.245669857116781	0.228209584291967
0.0930000000000000	0.320769852298023	0.303094819214317	0.285419786130610	0.267744753046904	0.250069719963197	0.232394686879490
0.0940000000000000	0.326024774997252	0.308135101422806	0.290245427848359	0.272355754273913	0.254466080699466	0.236576407125020
0.0950000000000000	0.331275644180906	0.313171440307759	0.295067236434611	0.276963032561464	0.258858828688317	0.240754624815169
0.0960000000000000	0.336522413338794	0.318203780184653	0.299885147030512	0.281566513876372	0.263247880722231	0.244929247568090
0.0970000000000000	0.341765059522310	0.323232089336520	0.304699119150729	0.286166148964938	0.267633178779147	0.249100208593356
0.0980000000000000	0.347003581191409	0.328256357862824	0.309509134534238	0.290761911205652	0.272014687877066	0.253267464548481
0.0990000000000000	0.352237996169086	0.333276595633792	0.314315195098498	0.295353794563203	0.276392394027909	0.257430993492615
0.100000000000000	0.357468339702455	0.338292830349459	0.319117320996464	0.299941811643469	0.280766302290474	0.261590792937479
0.101000000000000	0.362694662629094	0.343305105702306	0.323915548775518	0.304525991848730	0.285136434921942	0.265746877995154
0.102000000000000	0.367917029646996	0.348313479641988	0.328709929636980	0.309106379631972	0.289502829626964	0.269899279621957
0.103000000000000	0.373135517686154	0.353318022740372	0.333500527794589	0.313683032848807	0.293865537903024	0.274048042957242
0.104000000000000	0.378350214379526	0.358318816654762	0.338287418929998	0.318256021205234	0.298224623480469	0.278193225755705
0.105000000000000	0.383561216630914	0.363315952687014	0.343070688743114	0.322825424799214	0.302580160855315	0.282334896911415
0.106000000000000	0.388768629277054	0.368309530435964	0.347850431594875	0.327391332753785	0.306932233912696	0.286473135071607
0.107000000000000	0.393972563841077	0.373299656540464	0.352626749239852	0.331953841939240	0.311280934638627	0.290608027338015
0.108000000000000	0.399173137374331	0.378286443510136	0.357399749645942	0.336513055781747	0.315626361917553	0.294739668053359
0.109000000000000	0.404370471383451	0.383270008640845	0.362169545898238	0.341069083155632	0.319968620413025	0.298868157670418
0.110000000000000	0.409564690839469	0.388250473011780	0.366936255184091	0.345622037356402	0.324307819528712	0.302993601701023
0.111000000000000	0.414755923265685	0.393227960560978	0.371699997856270	0.350172035151562	0.328644072446854	0.307116109742146
0.112000000000000	0.419944297900980	0.398202597236031	0.376460896571081	0.354719195906131	0.332977495241181	0.311235794576231
0.113000000000000	0.425129944935214	0.403174510216732	0.381219075498250	0.359263640779768	0.337308206061286	0.315352771342804
0.114000000000000	0.430312994813346	0.408143827206352	0.385974659599358	0.363805491992364	0.341636324385369	0.319467156778375
0.115000000000000	0.435493577604927	0.413110675788266	0.390727773971604	0.368344872154942	0.345961970338280	0.323579068521619
0.116000000000000	0.440671822435617	0.418075182844652	0.395478543253687	0.372881903662723	0.350285264071757	0.327688624480793
0.117000000000000	0.445847856977434	0.423037474034023	0.400227091090612	0.377416708147201	0.354606325203790	0.331795942260379
0.118000000000000	0.451021806994479	0.427997673324369	0.404973539654259	0.381949405984148	0.358925272314038	0.335901138643928
0.119000000000000	0.456193795940920	0.432955902578763	0.409718009216607	0.386480115854450	0.363242222492293	0.340004329130136
0.120000000000000	0.461363944608121	0.437912281190338	0.414460617772555	0.391008954354772	0.367557290936988	0.344105627519206
0.121000000000000	0.466532370817833	0.442866925763586	0.419201480709339	0.395536035655092	0.371870590600845	0.348205145546598
0.122000000000000	0.471699189158481	0.447819949839055	0.423940710519630	0.400061471200204	0.376182231880777	0.352302992561352
0.123000000000000	0.476864510761641	0.452771463658550	0.428678416555460	0.404585369452370	0.380492322349280	0.356399275246190
0.124000000000000	0.482028443115894	0.457721573968060	0.433414704820227	0.409107835672393	0.384800966524559	0.360494097376726
0.125000000000000	0.487191089915375	0.462670383855728	0.438149677796081	0.413628971736434	0.389108265676787	0.364587559617140
0.126000000000000	0.492352550940372	0.467617992622258	0.442883434304144	0.418148875986030	0.393414317667915	0.368679759349801
0.127000000000000	0.497512921967490	0.472564495681266	0.447616069395042	0.422667643108817	0.397719216822593	0.372770790536369
0.128000000000000	0.502672294706962	0.477509984487173	0.452347674267385	0.427185364047596	0.402023053827807	0.376860743608019
0.129000000000000	0.507830756764804	0.482454546488348	0.457078336211892	0.431702125935435	0.406325915658978	0.380949705382522
0.130000000000000	0.512988391627631	0.487398265103303	0.461808138578975	0.436218012054648	0.410627885530319	0.385037759005991
0.131000000000000	0.518145278668018	0.492341219717857	0.466537160767696	0.440733101817536	0.414929042867375	0.389124983917214
0.132000000000000	0.523301493168438	0.497283485701267	0.471265478234095	0.445247470766924	0.419229463299753	0.393211455832582
0.133000000000000	0.528457106361891	0.502225134439456	0.475993162517022	0.449761190594587	0.423529218672152	0.397297246749718
0.134000000000000	0.533612185487432	0.507166233383546	0.480720281279660	0.454274329175774	0.427828377071888	0.401382424968002
0.135000000000000	0.538766793858929	0.512106846112000	0.485446898365072	0.458786950618144	0.432127002871216	0.405467055124288
0.136000000000000	0.543920990945466	0.517047032404811	0.490173073864156	0.463299115323502	0.436425156782846	0.409551198242192
0.137000000000000	0.549074832461911	0.521986848328217	0.494898864194522	0.467810880060827	0.440722895927132	0.413634911793438
0.138000000000000	0.554228370468248	0.526926346328562	0.499624322188877	0.472322298049191	0.445020273909505	0.417718249769819
0.139000000000000	0.559381653476395	0.531865575334002	0.504349497191609	0.476833419049216	0.449317340906822	0.421801262764430
0.140000000000000	0.564534726563280	0.536804580862806	0.509074435162331	0.481344289461857	0.453614143761382	0.425883998060908
0.141000000000000	0.569687631489074	0.541743405137162	0.513799178785250	0.485854952433338	0.457910726081426	0.429966499729514
0.142000000000000	0.574840406819515	0.546682087201401	0.518523767583287	0.490365447965174	0.462207128347059	0.434048808728945
0.143000000000000	0.579993088051397	0.551620663043691	0.523248238035985	0.494875813028279	0.466503388020572	0.438130963012866
0.144000000000000	0.585145707740313	0.556559165720294	0.527972623700274	0.499386081680255	0.470799539660235	0.442212997640216
0.145000000000000	0.590298295629865	0.561497625481575	0.532696955333285	0.503896285184996	0.475095615036705	0.446294944888416
0.146000000000000	0.595450878781591	0.566436069899010	0.537421261016429	0.508406452133848	0.479391643251266	0.450376834368685
0.147000000000000	0.600603481704942	0.571374523992497	0.542145566280053	0.512916608567608	0.483687650855163	0.454458693142719
0.148000000000000	0.605756126486703	0.576313010357375	0.546869894228047	0.517426778098720	0.487983661969392	0.458540545840064
0.149000000000000	0.610908832919313	0.581251549290567	0.551594265661821	0.521936982033076	0.492279698404329	0.462622414775584
0.150000000000000	0.616061618627588	0.586190158915361	0.556318699203134	0.526447239490908	0.496575779778681	0.466704320066455
0.151000000000000	0.621214499193417	0.591128855304374	0.561043211415330	0.530957567526288	0.500871923637244	0.470786279748201
0.152000000000000	0.626367488278050	0.596067652600304	0.565767816922557	0.535467981244812	0.505168145567065	0.474868309889319
0.153000000000000	0.631520597741630	0.601006563134124	0.570492528526617	0.539978493919111	0.509464459311604	0.478950424704098
0.154000000000000	0.636673837759690	0.605945597540408	0.575217357321126	0.544489117101845	0.513760876882562	0.483032636663281
0.155000000000000	0.641827216936357	0.610884764869539	0.579942312802721	0.548999860735903	0.518057408669084	0.487114956602266
0.156000000000000	0.646980742414051	0.615824072696557	0.584667402979063	0.553510733261569	0.522354063544074	0.491197393826580
0.157000000000000	0.652134419979516	0.620763527226489	0.589392634473463	0.558021741720437	0.526650848967410	0.495279956214384
0.158000000000000	0.657288254166026	0.625703133395988	0.594118012625951	0.562532891855913	0.530947771085875	0.499362650315837
0.159000000000000	0.662442248351671	0.630642894971167	0.598843541590662	0.567044188210158	0.535244834829654	0.503445481449150
0.160000000000000	0.667596404853627	0.635582814641539	0.603569224429451	0.571555634217364	0.539542044005276	0.507528453793188
0.161000000000000	0.672750725018373	0.640522894110007	0.608295063201641	0.576067232293276	0.543839401384910	0.511611570476544
0.162000000000000	0.677905209307806	0.645463134178842	0.613021059049879	0.580578983920915	0.548136908791951	0.515694833662987
0.163000000000000	0.683059857381261	0.650403534831658	0.617747212282055	0.585090889732453	0.552434567182849	0.519778244633247
0.164000000000000	0.688214668173429	0.655344095311363	0.622473522449297	0.589602949587231	0.556732376725165	0.523861803863099
0.165000000000000	0.693369639968228	0.660284814194131	0.627199988420034	0.594115162645937	0.561030336871840	0.527945511097743
0.166000000000000	0.698524770468639	0.665225689459408	0.631926608450178	0.598627527440948	0.565328446431717	0.532029365422488
0.167000000000000	0.703680056862594	0.670166718556026	0.636653380249458	0.603140041942890	0.569626703636322	0.536113365329754
0.168000000000000	0.708835495884980	0.675107898464475	0.641380301043969	0.607652703623464	0.573925106202958	0.540197508782453
0.169000000000000	0.713991083875825	0.680049225755416	0.646107367635006	0.612165509514597	0.578223651394187	0.544281793273778
0.170000000000000	0.719146816834791	0.684990696644529	0.650834576454267	0.616678456264005	0.582522336073743	0.548366215883482
0.171000000000000	0.724302690472040	0.689932307043774	0.655561923615508	0.621191540187241	0.586821156758975	0.552450773330709
0.172000000000000	0.729458700255617	0.694874052609188	0.660289404962759	0.625704757316330	0.591120109669900	0.556535462023472
0.173000000000000	0.734614841455425	0.699815928785311	0.665017016115198	0.630218103445084	0.595419190774970	0.560620278104857
0.174000000000000	0.739771109183949	0.704757930846371	0.669744752508793	0.634731574171216	0.599718395833638	0.564705217496061
0.175000000000000	0.744927498433822	0.709700053934328	0.674472609434835	0.639245164935342	0.604017720435848	0.568790275936355
0.176000000000000	0.750084004112380	0.714642293093922	0.679200582075464	0.643758871057006	0.608317160038547	0.572875449020089
0.177000000000000	0.755240621073315	0.719584643304822	0.683928665536329	0.648272687767837	0.612616709999344	0.576960732230851
0.178000000000000	0.760397344145570	0.724527099511032	0.688656854876494	0.652786610241956	0.616916365607418	0.581046120972880
0.179000000000000	0.765554168159600	0.729469656647652	0.693385145135704	0.657300633623757	0.621216122111808	0.585131610599861
0.180000000000000	0.770711087971122	0.734412309665140	0.698113531359159	0.661814753053178	0.625515974747196	0.589217196441216
0.181000000000000	0.775868098482496	0.739355053551196	0.702842008619897	0.666328963688599	0.629815918757299	0.593302873826001
0.182000000000000	0.781025194661849	0.744297883350386	0.707570572038924	0.670843260727462	0.634115949415999	0.597388638104537
0.183000000000000	0.786182371560082	0.749240794181640	0.712299216803199	0.675357639424759	0.638416062046318	0.601474484667878
0.184000000000000	0.791339624325868	0.754183781253742	0.717027938181618	0.679872095109494	0.642716252037369	0.605560408965245
0.185000000000000	0.796496948218781	0.759126839878929	0.721756731539078	0.684386623199228	0.647016514859377	0.609646406519526
0.186000000000000	0.801654338620655	0.764069965484716	0.726485592348779	0.688901219212842	0.651316846076904	0.613732472940967
0.187000000000000	0.806811791045300	0.769013153624070	0.731214516202840	0.693415878781610	0.655617241360380	0.617818603939150
0.188000000000000	0.811969301146688	0.773956399984025	0.735943498821363	0.697930597658702	0.659917696496039	0.621904795333378
0.189000000000000	0.817126864725698	0.778899700392870	0.740672536060042	0.702445371727215	0.664218207394387	0.625991043061560
0.190000000000000	0.822284477735561	0.783843050825989	0.745401623916418	0.706960197006847	0.668518770097275	0.630077343187705
0.191000000000000	0.827442136286063	0.788786447410474	0.750130758534885	0.711475069659297	0.672819380783708	0.634163691908120
0.192000000000000	0.832599836646637	0.793729886428590	0.754859936210544	0.715989985992498	0.677120035774452	0.638250085556406
0.193000000000000	0.837757575248417	0.798673364320201	0.759589153391986	0.720504942463772	0.681420731535557	0.642336520607342
0.194000000000000	0.842915348685348	0.803616877684228	0.764318406683109	0.725019935681990	0.685721464680870	0.646422993679751
0.195000000000000	0.848073153714446	0.808560423279241	0.769047692844036	0.729534962408832	0.690022231973626	0.650509501538422
0.196000000000000	0.853230987255269	0.813503998023250	0.773777008791233	0.734050019559215	0.694323030327197	0.654596041095180
0.197000000000000	0.858388846388691	0.818447598992786	0.778506351596882	0.738565104200978	0.698623856805074	0.658682609409170
0.198000000000000	0.863546728355049	0.823391223421326	0.783235718487604	0.743080213553882	0.702924708620159	0.662769203686438
0.199000000000000	0.868704630551728	0.828334868697154	0.787965106842581	0.747595344988008	0.707225583133435	0.666855821278862
0.200000000000000	0.873862550530247	0.833278532360702	0.792694514191158	0.752110496021615	0.711526477852070	0.670942459682526
0.201000000000000	0.879020485992915	0.838222212101445	0.797423938209976	0.756625664318508	0.715827390427038	0.675029116535570
0.202000000000000	0.884178434789100	0.843165905754397	0.802153376719695	0.761140847684993	0.720128318650291	0.679115789615589
0.203000000000000	0.889336394911182	0.848109611296273	0.806882827681366	0.765656044066459	0.724429260451552	0.683202476836645
0.204000000000000	0.894494364490225	0.853053326841362	0.811612289192501	0.770171251543639	0.728730213894778	0.687289176245916
0.205000000000000	0.899652341791420	0.857997050637149	0.816341759482878	0.774686468328607	0.733031177174336	0.691375886020066
0.206000000000000	0.904810325209344	0.862940781059744	0.821071236910144	0.779201692760544	0.737332148610944	0.695462604461344
0.207000000000000	0.909968313263067	0.867884516609151	0.825800719955237	0.783716923301322	0.741633126647407	0.699549329993493
0.208000000000000	0.915126304591154	0.872828255904416	0.830530207217678	0.788232158530941	0.745934109844203	0.703636061157466
0.209000000000000	0.920284297946588	0.877771997678675	0.835259697410763	0.792747397142851	0.750235096874938	0.707722796607026
0.210000000000000	0.925442292191649	0.882715740774165	0.839989189356681	0.797262637939198	0.754536086521714	0.711809535104231
0.211000000000000	0.930600286292771	0.887659484137186	0.844718681981603	0.801777879826020	0.758837077670436	0.715896275514853
0.212000000000000	0.935758279315409	0.892603226813077	0.849448174310746	0.806293121808416	0.763138069306084	0.719983016803754
0.213000000000000	0.940916270418941	0.897546967941199	0.854177665463459	0.810808362985720	0.767439060507979	0.724069758030239
0.214000000000000	0.946074258851611	0.902490706749972	0.858907154648335	0.815323602546698	0.771740050445060	0.728156498343423
0.215000000000000	0.951232243945552	0.907434442551963	0.863636641158376	0.819838839764789	0.776041038371201	0.732243236977614
0.216000000000000	0.956390225111891	0.912378174739062	0.868366124366233	0.824354073993406	0.780342023620577	0.736329973247749
0.217000000000000	0.961548201835953	0.917321902777739	0.873095603719526	0.828869304661314	0.784643005603101	0.740416706544888
0.218000000000000	0.966706173672580	0.922265626204420	0.877825078736261	0.833384531268102	0.788943983799943	0.744503436331784
0.219000000000000	0.971864140241574	0.927209344620967	0.882554549000362	0.837899753379758	0.793244957759152	0.748590162138547
0.220000000000000	0.977022101223273	0.932153057690299	0.887284014157325	0.842414970624352	0.797545927091378	0.752676883558405
0.221000000000000	0.982180056354271	0.937096765132132	0.892013473909993	0.846930182687856	0.801846891465716	0.756763600243578
0.222000000000000	0.987338005423277	0.942040466718876	0.896742928014476	0.851445389310076	0.806147850605676	0.760850311901276
0.223000000000000	0.992495948267137	0.946984162271672	0.901472376276207	0.855960590280743	0.810448804285278	0.764937018289814
0.224000000000000	0.997653884767007	0.951927851656578	0.906201818546151	0.860475785435725	0.814749752325297	0.769023719214870
0.225000000000000	1.00281181484468	0.956871534780921	0.910931254717159	0.864990974653399	0.819050694589636	0.773110414525876
0.226000000000000	1.00796973845910	0.961815211589789	0.915660684720479	0.869506157851169	0.823351630981858	0.777197104112549
0.227000000000000	1.01312765560298	0.966758882062699	0.920390108522417	0.874021334982135	0.827652561441851	0.781283787901569
0.228000000000000	1.01828556629967	0.971702546210413	0.925119526121160	0.878536506031907	0.831953485942653	0.785370465853401
0.229000000000000	1.02344347060008	0.976646204071913	0.929848937543749	0.883051671015586	0.836254404487421	0.789457137959258
0.230000000000000	1.02860136857987	0.981589855711538	0.934578342843209	0.887566829974881	0.840555317106551	0.793543804238223
0.231000000000000	1.03375926033671	0.986533501216271	0.939307742095829	0.892081982975387	0.844856223854944	0.797630464734502
0.232000000000000	1.03891714598777	0.991477140693186	0.944037135398597	0.896597130104010	0.849157124809421	0.801717119514833
0.233000000000000	1.04407502566729	0.996420774267036	0.948766522866785	0.901112271466534	0.853458020066283	0.805803768666032
0.234000000000000	1.04923289952433	1.00136440207800	0.953495904631668	0.905627407185339	0.857758909739009	0.809890412292679
0.235000000000000	1.05439076772071	1.00630802427955	0.958225280838402	0.910142537397252	0.862059793956100	0.813977050514949
0.236000000000000	1.05954863042901	1.01125164103652	0.962954651644029	0.914657662251541	0.866360672859053	0.818063683466565
0.237000000000000	1.06470648783076	1.01619525252319	0.967684017215617	0.919172781908044	0.870661546600471	0.822150311292898
0.238000000000000	1.06986434011478	1.02113885892166	0.972413377728539	0.923687896535420	0.874962415342300	0.826236934149182
0.239000000000000	1.07502218747554	1.02608246042020	0.977142733364867	0.928203006309531	0.879263279254194	0.830323552198857
0.240000000000000	1.08018003011180	1.03102605721185	0.981872084311896	0.932718111411944	0.883564138511990	0.834410165612037
0.241000000000000	1.08533786822525	1.03596964949301	0.986601430760780	0.937233212028548	0.887864993296314	0.838496774564082
0.242000000000000	1.09049570201927	1.04091323746227	0.991330772905278	0.941748308348284	0.892165843791288	0.842583379234295
0.243000000000000	1.09565353169788	1.04585682131925	0.996060110940614	0.946263400561980	0.896466690183345	0.846669979804711
0.244000000000000	1.10081135746473	1.05080040126358	1.00078944506244	0.950778488861290	0.900767532660144	0.850756576459000
0.245000000000000	1.10596917952213	1.05574397749400	1.00551877546586	0.955293573437729	0.905068371409594	0.854843169381460
0.246000000000000	1.11112699807034	1.06068755020749	1.01024810234465	0.959808654481801	0.909369206618953	0.858929758756106
0.247000000000000	1.11628481330676	1.06563111959857	1.01497742589039	0.964323732182211	0.913670038474028	0.863016344765847
0.248000000000000	1.12144262542531	1.07057468585860	1.01970674629188	0.968838806725170	0.917970867158456	0.867102927591743
0.249000000000000	1.12660043461590	1.07551824917519	1.02443606373448	0.973353878293767	0.922271692853055	0.871189507412345
0.250000000000000	1.13175824106389	1.08046180973173	1.02916537839958	0.977868947067420	0.926572515735264	0.875276084403108
0.251000000000000	1.13691604494967	1.08540536770691	1.03389469046415	0.982384013221396	0.930873335978637	0.879362658735878
0.252000000000000	1.14207384644834	1.09034892327436	1.03862400010038	0.986899076926398	0.935174153752415	0.883449230578434
0.253000000000000	1.14723164572935	1.09529247660230	1.04335330747525	0.991414138348205	0.939474969221154	0.887535800094104
0.254000000000000	1.15238944295630	1.10023602785332	1.04808261275035	0.995929197647379	0.943775782544405	0.891622367441433
0.255000000000000	1.15754723828668	1.10517957718413	1.05281191608157	1.00044425497902	0.948076593876459	0.895708932773904
0.256000000000000	1.16270503187181	1.11012312474539	1.05754121761897	1.00495931049255	0.952377403366130	0.899795496239710
0.257000000000000	1.16786282385666	1.11506667068164	1.06227051750662	1.00947436433161	0.956678211156589	0.903882057981572
0.258000000000000	1.17302061437979	1.12001021513115	1.06699981588251	1.01398941663388	0.960979017385239	0.907968618136603
0.259000000000000	1.17817840357334	1.12495375822591	1.07172911287849	1.01850446753106	0.965279822183630	0.912055176836203
0.260000000000000	1.18333619156304	1.12989730009163	1.07645840862022	1.02301951714882	0.969580625677407	0.916141734205998
0.261000000000000	1.18849397846821	1.13484084084773	1.08118770322725	1.02753456560677	0.973881427986288	0.920228290365807
0.262000000000000	1.19365176440182	1.13978438060739	1.08591699681295	1.03204961301852	0.978182229224079	0.924314845429644
0.263000000000000	1.19880954947060	1.14472791947763	1.09064628948466	1.03656465949168	0.982483029498709	0.928401399505737
0.264000000000000	1.20396733377511	1.14967145755940	1.09537558134370	1.04107970512799	0.986783828912289	0.932487952696585
0.265000000000000	1.20912511740987	1.15461499494770	1.10010487248553	1.04559475002336	0.991084627561194	0.936574505099025
0.266000000000000	1.21428290046352	1.15955853173168	1.10483416299984	1.05010979426800	0.995385425536163	0.940661056804323
0.267000000000000	1.21944068301894	1.16450206799481	1.10956345297068	1.05462483794655	0.999686222922418	0.944747607898287
0.268000000000000	1.22459846515343	1.16944560381502	1.11429274247661	1.05913988113820	1.00398701979979	0.948834158461383
0.269000000000000	1.22975624693887	1.17438913926487	1.11902203159087	1.06365492391687	1.00828781624287	0.952920708568874
0.270000000000000	1.23491402844192	1.17933267441173	1.12375132038154	1.06816996635135	1.01258861232116	0.957007258290970
0.271000000000000	1.24007180972422	1.18427620931797	1.12848060891172	1.07268500850548	1.01688940809923	0.961093807692979
0.272000000000000	1.24522959084254	1.18921974404113	1.13320989723971	1.07720005043830	1.02119020363689	0.965180356835477
0.273000000000000	1.25038737184902	1.19416327863411	1.13793918541920	1.08171509220429	1.02549099898938	0.969266905774472
0.274000000000000	1.25554515279134	1.19910681314539	1.14266847349944	1.08623013385349	1.02979179420754	0.973353454561587
0.275000000000000	1.26070293371296	1.20405034761921	1.14739776152547	1.09074517543172	1.03409258933798	0.977440003244232
0.276000000000000	1.26586071465329	1.20899388209579	1.15212704953829	1.09526021698079	1.03839338442329	0.981526551865789
0.277000000000000	1.27101849564790	1.21393741661148	1.15685633757506	1.09977525853864	1.04269417950221	0.985613100465794
0.278000000000000	1.27617627672872	1.21888095119900	1.16158562566928	1.10429030013956	1.04699497460984	0.989699649080123
0.279000000000000	1.28133405792427	1.22382448588765	1.16631491385103	1.10880534181441	1.05129576977779	0.993786197741168
0.280000000000000	1.28649183925979	1.22876802070344	1.17104420214708	1.11332038359073	1.05559656503438	0.997872746478025
0.281000000000000	1.29164962075750	1.23371155566933	1.17577349058116	1.11783542549300	1.05989736040483	1.00195929531667
0.282000000000000	1.29680740243673	1.23865509080541	1.18050277917409	1.12235046754277	1.06419815591145	1.00604584428013
0.283000000000000	1.30196518431415	1.24359862612905	1.18523206794396	1.12686550975887	1.06849895157378	1.01013239338868
0.284000000000000	1.30712296640391	1.24854216165513	1.18996135690634	1.13138055215756	1.07279974740877	1.01421894265999
0.285000000000000	1.31228074871787	1.25348569739615	1.19469064607443	1.13589559475271	1.07710054343099	1.01830549210927
0.286000000000000	1.31743853126567	1.25842923336243	1.19941993545920	1.14041063755597	1.08140133965273	1.02239204174949
0.287000000000000	1.32259631405499	1.26337276956230	1.20414922506960	1.14492568057690	1.08570213608420	1.02647859159151
0.288000000000000	1.32775409709166	1.26831630600216	1.20887851491266	1.14944072382317	1.09000293273367	1.03056514164418
0.289000000000000	1.33291188037979	1.27325984268674	1.21360780499370	1.15395576730066	1.09430372960762	1.03465169191457
0.290000000000000	1.33806966392195	1.27820337961918	1.21833709531640	1.15847081101363	1.09860452671085	1.03873824240807
0.291000000000000	1.34322744771930	1.28314691680114	1.22306638588299	1.16298585496483	1.10290532404667	1.04282479312852
0.292000000000000	1.34838523177170	1.28809045423302	1.22779567669434	1.16750089915567	1.10720612161700	1.04691134407832
0.293000000000000	1.35354301607783	1.29303399191399	1.23252496775015	1.17201594358631	1.11150691942246	1.05099789525862
0.294000000000000	1.35870080063535	1.29797752984215	1.23725425904896	1.17653098825577	1.11580771746257	1.05508444666938
0.295000000000000	1.36385858544096	1.30292106801466	1.24198355058837	1.18104603316208	1.12010851573578	1.05917099830949
0.296000000000000	1.36901637049054	1.30786460642781	1.24671284236508	1.18556107830235	1.12440931423962	1.06325755017689
0.297000000000000	1.37417415577922	1.31280814507711	1.25144213437500	1.19007612367289	1.12871011297078	1.06734410226867
0.298000000000000	1.37933194130150	1.31775168395743	1.25617142661336	1.19459116926929	1.13301091192522	1.07143065458115
0.299000000000000	1.38448972705132	1.32269522306306	1.26090071907479	1.19910621508653	1.13731171109826	1.07551720711000
0.300000000000000	1.38964751302214	1.32763876238777	1.26563001175340	1.20362126111902	1.14161251048465	1.07960375985028