t M_0 M_28 M_57 M_86 M_115 M_144
0	0	0	0	0	0	0
0.00100000000000000	0.000405061171282811	-0.00968213107376511	-0.0197693233188130	-0.0298565155638610	-0.0399437078089089	-0.0500309000539568
0.00200000000000000	0.00296695789482386	-0.0171611761594003	-0.0372893102136244	-0.0574174442678486	-0.0775455783220728	-0.0976737123762969
0.00300000000000000	0.00945957360300006	-0.0206212273898357	-0.0507020283826714	-0.0807828293755071	-0.110863630368343	-0.140944431361179
0.00400000000000000	0.0212803390450445	-0.0186272368078138	-0.0585348126606721	-0.0984423885135303	-0.138349964366389	-0.178257540219247
0.00500000000000000	0.0394976262373238	-0.0100773769489903	-0.0596523801353045	-0.109227383321619	-0.158802386507933	-0.208377389694247
0.00600000000000000	0.0648934378065777	0.00583988985160811	-0.0532136581033615	-0.112267206058331	-0.171320754013301	-0.230374301968270
0.00700000000000000	0.0980018053471121	0.0296844463265573	-0.0386329126939974	-0.106950271714552	-0.175267630735107	-0.243584989755662
0.00800000000000000	0.139143275351024	0.0617992372426096	-0.0155448008658045	-0.0928888389742186	-0.170232877082633	-0.247576915191047
0.00900000000000000	0.188455829273842	0.102341414481881	0.0162269996899214	-0.0698874151020386	-0.156001829893999	-0.242116244685959
0.0100000000000000	0.245922555081994	0.151310227116620	0.0566978991512452	-0.0379144288141292	-0.132526756779504	-0.227139084744878
0.0110000000000000	0.311396360936375	0.208571946738851	0.105747532541326	0.00292311834380219	-0.0999012958537221	-0.202725710051246
0.0120000000000000	0.384621997265959	0.273882093975117	0.163142190684275	0.0524022873934330	-0.0583376158974092	-0.169077519188251
0.0130000000000000	0.465255631167423	0.346905209862617	0.228554788557812	0.110204367253006	-0.00814605405179962	-0.126496475356605
0.0140000000000000	0.552882196641665	0.427232395397240	0.301582594152815	0.175932792908390	0.0502829916639643	-0.0753668095804610
0.0150000000000000	0.647030725475017	0.514396823915377	0.381762922355737	0.249129020796097	0.116495119236457	-0.0161387823231827
0.0160000000000000	0.747187846437080	0.607887413885556	0.468586981334032	0.329286548782508	0.189986116230984	0.0506856836794603
0.0170000000000000	0.852809624758763	0.707160834023245	0.561512043287727	0.415863252552209	0.270214461816691	0.124565671081173
0.0180000000000000	0.963331899446760	0.811651998276423	0.659972097106087	0.508292195935751	0.356612294765415	0.204932393595079
0.0190000000000000	1.07817926276996	0.920783195046423	0.763387127322883	0.605991059599343	0.448594991875803	0.291198924152262
0.0200000000000000	1.19677281411562	1.03397198290478	0.871171151693943	0.708370320483102	0.545569489272262	0.382768658061421
0.0210000000000000	1.31853680926461	1.15063797394885	0.982739138633078	0.814840303317311	0.646941468001544	0.479042632685777
0.0220000000000000	1.44290431589097	1.27020861572171	1.09751291555244	0.924817215383181	0.752121515213918	0.579425815044655
0.0230000000000000	1.56932197667394	1.39212407322914	1.21492616978435	1.03772826633955	0.860530362894754	0.683332459449957
0.0240000000000000	1.69725397275110	1.51584130394751	1.33442863514392	1.15301596634033	0.971603297536739	0.790190628733149
0.0250000000000000	1.82618527227537	1.64083741076908	1.45548954926278	1.27014168775649	1.08479382625020	0.899445964743901
0.0260000000000000	1.95562424150947	1.76661235051765	1.57760045952582	1.38858856853399	1.19957667754217	1.01056478655034
0.0270000000000000	2.08510468914551	1.89269106893472	1.70027744872394	1.50786382851316	1.31545020830237	1.12303658809159
0.0280000000000000	2.21418740832844	2.01862512683857	1.82306284534869	1.62750056385881	1.43193828236894	1.23637600087906
0.0290000000000000	2.34246127514574	2.14399387645082	1.94552647775590	1.74705907906098	1.54859168036606	1.35012428167114
0.0300000000000000	2.46954395708232	2.26840524162945	2.06726652617658	1.86612781072371	1.66498909527084	1.46385037981797
0.0310000000000000	2.59508228009459	2.39149615090638	2.18791002171818	1.98432389252997	1.78073776334177	1.57715163415356
0.0320000000000000	2.71875229849585	2.51293266777050	2.30711303704514	2.10129340631978	1.89547377559442	1.68965414486907
0.0330000000000000	2.84025910773872	2.63240985853195	2.42456060932518	2.21671136011841	2.00886211091164	1.80101286170487
0.0340000000000000	2.95933643639995	2.74965143432453	2.53996643224911	2.33028143017369	2.12059642809827	1.91091142602285
0.0350000000000000	3.07574605019511	2.86440920032397	2.65307235045283	2.44173550058169	2.23039865071055	2.01906180083941
0.0360000000000000	3.18927699765039	2.97646234205874	2.76364768646708	2.55083303087542	2.33801837528376	2.12520371969210
0.0370000000000000	3.29974472411695	3.08561657574509	2.87148842737324	2.65736027900138	2.44323213062953	2.22910398225767
0.0380000000000000	3.40699007810860	3.19170318687033	2.97641629563205	2.76112940439378	2.54584251315550	2.33055562191723
0.0390000000000000	3.51087823145975	3.29457797875958	3.07827772605941	2.86197747335925	2.64567722065908	2.42937696795891
0.0400000000000000	3.61129753251938	3.39412015057607	3.17694276863276	2.95976538668945	2.74258800474613	2.52541062280283
0.0410000000000000	3.70815830950544	3.49023112210695	3.27230393470845	3.05437674730996	2.83644955991146	2.61852237251297
0.0420000000000000	3.80139163922570	3.58283332076311	3.36427500230051	3.14571668383792	2.92715836537532	2.70860004691273
0.0430000000000000	3.89094809461531	3.67186894445854	3.45278979430177	3.23371064414500	3.01463149398823	2.79555234383146
0.0440000000000000	3.97679648293469	3.75729871242149	3.53780094190829	3.31830317139509	3.09880540088189	2.87930763036868
0.0450000000000000	4.05892258500332	3.83910061451426	3.61927864402520	3.39945667353614	3.17963470304707	2.95981273255801
0.0460000000000000	4.13732790450515	3.91726866829132	3.69720943207749	3.47715019586365	3.25709095964982	3.03703172343599
0.0470000000000000	4.21202843518064	3.99181169179685	3.77159494841306	3.55137820502926	3.33116146164547	3.11094471826167
0.0480000000000000	4.28305345260924	4.06275209898396	3.84245074535869	3.62214939173342	3.40184803810814	3.18154668448287
0.0490000000000000	4.35044433627697	4.13012472362087	3.90980511096477	3.68948549830867	3.46916588565257	3.24884627299647
0.0500000000000000	4.41425342670907	4.19397567662640	3.97369792654372	3.75342017646105	3.53314242637838	3.31286467629571
0.0510000000000000	4.47454292161954	4.25436124094162	4.03417956026369	3.81399787958577	3.59381619890784	3.37363451822992
0.0520000000000000	4.53138381428233	4.31134680728899	4.09130980029564	3.87127279330230	3.65123578630895	3.43119877931561
0.0530000000000000	4.58485487665618	4.36500585349014	4.14515683032410	3.92530780715806	3.70545878399202	3.48560976082598
0.0540000000000000	4.63504168919093	4.41541896940141	4.19579624961190	3.97617352982238	3.75655081003287	3.53692809024335
0.0550000000000000	4.68203571870256	4.46267292897816	4.24331013925376	4.02394734952935	3.80458455980495	3.58522177008054
0.0560000000000000	4.72593344522218	4.50685981048931	4.28778617575643	4.06871254102355	3.84963890629068	3.63056527155780
0.0570000000000000	4.76683553829565	4.54807616546802	4.32931679264040	4.11055741981277	3.89179804698514	3.67303867415751
0.0580000000000000	4.80484608283214	4.58642223659864	4.36799839036514	4.14957454413163	3.93115069789813	3.71272685166462
0.0590000000000000	4.84007185426649	4.62200122439988	4.40393059453327	4.18585996466666	3.96778933480005	3.74971870493344
0.0600000000000000	4.87262164250901	4.65491860226651	4.43721556202400	4.21951252178149	4.00180948153899	3.78410644129648
0.0610000000000000	4.90260562390335	4.68528147917192	4.46795733444049	4.25063318970907	4.03330904497764	3.81598490024622
0.0620000000000000	4.93013478019488	4.71319800911016	4.49626123802544	4.27932446694072	4.06238769585599	3.84545092477127
0.0630000000000000	4.95532036332648	4.73877684616380	4.52223332900111	4.30568981183843	4.08914629467574	3.87260277751306
0.0640000000000000	4.97827340472136	4.76212664392178	4.54597988312219	4.32983312232261	4.11368636152303	3.89753960072345
0.0650000000000000	4.99910426758287	4.78335559783562	4.56760692808837	4.35185825834113	4.13610958859388	3.92036091884663
0.0660000000000000	5.01792224063503	4.80257102899124	4.58721981734744	4.37186860570364	4.15651739405984	3.94116618241605
0.0670000000000000	5.03483517164320	4.81987900768426	4.60492284372532	4.38996667976637	4.17501051580743	3.96005435184849
0.0680000000000000	5.04994913899013	4.83538401511794	4.62081889124576	4.40625376737357	4.19168864350138	3.97712351962920
0.0690000000000000	5.06336815953584	4.84918864149125	4.63500912344666	4.42082960540207	4.20665008735748	3.99247056931289
0.0700000000000000	5.07519393095908	4.86139331871001	4.64759270646093	4.43379209421186	4.21999148196278	4.00619086971371
0.0710000000000000	5.08552560676161	4.87209608593343	4.65866656510525	4.44523704427707	4.23180752344888	4.01837800262071
0.0720000000000000	5.09445960211290	4.88139238616093	4.66832517020895	4.45525795425698	4.24219073830500	4.02912352235303
0.0730000000000000	5.10208942872025	4.88937489206792	4.67666035541559	4.46394581876325	4.25123128211092	4.03851674545859
0.0740000000000000	5.10850555692659	4.89613335931351	4.68376116170044	4.47138896408736	4.25901676647428	4.04664456886121
0.0750000000000000	5.11379530326457	4.90175450556597	4.68971370786737	4.47767291016877	4.26563211247017	4.05359131477157
0.0760000000000000	5.11804274172883	4.90632191352243	4.69460108531603	4.48288025710963	4.27115942890323	4.05943860069683
0.0770000000000000	5.12132863706848	4.90991595623686	4.69850327540524	4.48709059457362	4.27567791374199	4.06426523291037
0.0780000000000000	5.12373039844763	4.91261374311338	4.70149708777912	4.49038043244486	4.27926377711060	4.06814712177635
0.0790000000000000	5.12532205187169	4.91448908496992	4.70365611806816	4.49282315116639	4.28199018426462	4.07115721736286
0.0800000000000000	5.12617422983157	4.91561247662945	4.70505072342733	4.49448897022521	4.28392721702309	4.07336546382097
0.0810000000000000	5.12635417667492	4.91605109555085	4.70574801442677	4.49544493330269	4.28514185217861	4.07483877105454
0.0820000000000000	5.12592576827335	4.91586881507002	4.70581186186670	4.49575490866337	4.28569795546005	4.07564100225673
0.0830000000000000	5.12494954461581	4.91512623088118	4.70530291714655	4.49547960341192	4.28565628967729	4.07583297594266
0.0840000000000000	5.12348275402155	4.91388069944989	4.70427864487823	4.49467659030657	4.28507453573491	4.07547248116325
0.0850000000000000	5.12157940772912	4.91218638711179	4.70279336649445	4.49340034587711	4.28400732525978	4.07461430464244
0.0860000000000000	5.11929034368237	4.91009432867356	4.70089831366474	4.49170229865593	4.28250628364712	4.07331026863830
0.0870000000000000	5.11666329839793	4.90765249439576	4.69864169039359	4.48963088639142	4.28062008238925	4.07160927838708
0.0880000000000000	5.11374298586253	4.90490586429975	4.69606874273697	4.48723162117418	4.27839449961140	4.06955737804862
0.0890000000000000	5.11057118247109	4.90189650880292	4.69322183513475	4.48454716146659	4.27587248779842	4.06719781413026
0.0900000000000000	5.10718681707876	4.89866367474797	4.69014053241717	4.48161739008637	4.27309424775558	4.06457110542478
0.0910000000000000	5.10362606530047	4.89524387595159	4.68686168660271	4.47847949725383	4.27009730790494	4.06171511855606
0.0920000000000000	5.09992244725099	4.89167098745730	4.68341952766360	4.47516806786991	4.26691660807621	4.05866514828251
0.0930000000000000	5.09610692797638	4.88797634273400	4.67984575749162	4.47171517224924	4.26358458700685	4.05545400176447
0.0940000000000000	5.09220801988338	4.88418883311786	4.67616964635234	4.46815045958682	4.26013127282130	4.05211208605578
0.0950000000000000	5.08825188652779	4.88033500884882	4.67241813116984	4.46450125349087	4.25658437581189	4.04866749813291
0.0960000000000000	5.08426244717472	4.87643918110500	4.66861591503528	4.46079264896556	4.25296938289584	4.04514611682612
0.0970000000000000	5.08026148159412	4.87252352448864	4.66478556738315	4.45704761027766	4.24930965317217	4.04157169606668
0.0980000000000000	5.07626873460284	4.86860817946471	4.66094762432658	4.45328706918845	4.24562651405032	4.03796595891218
0.0990000000000000	5.07230201991035	4.86471135429976	4.65712068868917	4.44953002307858	4.24193935746799	4.03434869185740
0.100000000000000	5.06837732286942	4.86084942609206	4.65332152931470	4.44579363253734	4.23826573575998	4.03073783898262
0.101000000000000	5.06450890177408	4.85703704052586	4.64956517927764	4.44209331802942	4.23462145678121	4.02714959553298
0.102000000000000	5.06070938738725	4.85328721002231	4.64586503265738	4.43844285529244	4.23102067792750	4.02359850056256
0.103000000000000	5.05698988041713	4.84961140999667	4.64223293957620	4.43485446915574	4.22747599873527	4.02009752831481
0.104000000000000	5.05336004669704	4.84601967296709	4.63867929923714	4.43133892550719	4.22399855177724	4.01665817804728
0.105000000000000	5.04982820985610	4.84252068029333	4.63521315073056	4.42790562116778	4.22059809160501	4.01329056204224
0.106000000000000	5.04640144129937	4.83912185135491	4.63184226141046	4.42456267146600	4.21728308152154	4.01000349157708
0.107000000000000	5.04308564734470	4.83582943000751	4.62857321267031	4.42131699533312	4.21406077799592	4.00680456065873
0.108000000000000	5.03988565339080	4.83264856818349	4.62541148297617	4.41817439776886	4.21093731256155	4.00370022735424
0.109000000000000	5.03680528501588	4.82958340652798	4.62236152804008	4.41513964955218	4.20791777106428	4.00069589257638
0.110000000000000	5.03384744592954	4.82663715198517	4.61942685804079	4.41221656409642	4.20500627015205	3.99779597620767
0.111000000000000	5.03101419272180	4.82381215227125	4.61661011182070	4.40940807137015	4.20220603091960	3.99500399046904
0.112000000000000	5.02830680637303	4.82110996719056	4.61391312800809	4.40671628882562	4.19951944964315	3.99232261046068
0.113000000000000	5.02572586050639	4.81853143676951	4.61133701303263	4.40414258929576	4.19694816555888	3.98975374182200
0.114000000000000	5.02327128638090	4.81607674619989	4.60888220601887	4.40168766583785	4.19449312565684	3.98729858547582
0.115000000000000	5.02094243463814	4.81374548759812	4.60654854055809	4.39935159351807	4.19215464647805	3.98495769943803
0.116000000000000	5.01873813382897	4.81153671860106	4.60433530337315	4.39713388814524	4.18993247291733	3.98273105768942
0.117000000000000	5.01665674575886	4.80944901783102	4.60224128990317	4.39503356197533	4.18782583404748	3.98061810611963
0.118000000000000	5.01469621770115	4.80748053727406	4.60026485684696	4.39304917641987	4.18583349599277	3.97861781556568
0.119000000000000	5.01285413153703	4.80562905162534	4.59840397171364	4.39117889180194	4.18395381189024	3.97672873197854
0.120000000000000	5.01112774988962	4.80389200466394	4.59665625943826	4.38942051421257	4.18218476898689	3.97494902376121
0.121000000000000	5.00951405932660	4.80226655272733	4.59501904612806	4.38777153952879	4.18052403292951	3.97327652633024
0.122000000000000	5.00800981071235	4.80074960536203	4.59348940001170	4.38622919466137	4.17896898931104	3.97170878396071
0.123000000000000	5.00661155679572	4.79933786323280	4.59206416966987	4.38479047610695	4.17751678254403	3.97024308898110
0.124000000000000	5.00531568712403	4.79802785337729	4.59074001963055	4.38345218588382	4.17616435213707	3.96887651839033
0.125000000000000	5.00411846037764	4.79681596189699	4.58951346341633	4.38221096493567	4.17490846645501	3.96760596797435
0.126000000000000	5.00301603422200	4.79569846417829	4.58838089413457	4.38106332409085	4.17374575404713	3.96642818400342
0.127000000000000	5.00200449277654	4.79467155274020	4.58733861270386	4.38000567266752	4.17267273263118	3.96533979259484
0.128000000000000	5.00107987180097	4.79373136280648	4.58638285381198	4.37903434481748	4.17168583582298	3.96433732682848
0.129000000000000	5.00023818170070	4.79287399570141	4.58550980970211	4.37814562370282	4.17078143770353	3.96341725170423
0.130000000000000	4.99947542845312	4.79209554016895	4.58471565188479	4.37733576360062	4.16995587531645	3.96257598703229
0.131000000000000	4.99878763255667	4.79139209171487	4.58399655087308	4.37660101003128	4.16920546918949	3.96180992834769
0.132000000000000	4.99817084610376	4.79075977007123	4.58334869403869	4.37593761800616	4.16852654197363	3.96111546594110
0.133000000000000	4.99762116807770	4.79019473488167	4.58276830168564	4.37534186848961	4.16791543529358	3.96048900209755
0.134000000000000	4.99713475797243	4.78969319970488	4.58225164143732	4.37481008316976	4.16736852490221	3.95992696663465
0.135000000000000	4.99670784783212	4.78925144443180	4.58179504103147	4.37433863763114	4.16688223423081	3.95942583083048
0.136000000000000	4.99633675280575	4.78886582621072	4.58139489961569	4.37392397302066	4.16645304642563	3.95898211983060
0.137000000000000	4.99601788030953	4.78853278897197	4.58104769763442	4.37356260629686	4.16607751495930	3.95859242362174
0.138000000000000	4.99574773788771	4.78824887164184	4.58075000539598	4.37325113915011	4.16575227290424	3.95825340665837
0.139000000000000	4.99552293985944	4.78801071513273	4.58049849040603	4.37298626567932	4.16547404095261	3.95796181622590
0.140000000000000	4.99534021283684	4.78781506819398	4.58028992355111	4.37276477890825	4.16523963426539	3.95771448962252
0.141000000000000	4.99519640019646	4.78765879220498	4.58012118421349	4.37258357622201	4.16504596823053	3.95750836023905
0.142000000000000	4.99508846558317	4.78753886498930	4.57998926439542	4.37243966380154	4.16489006320767	3.95734046261379
0.143000000000000	4.99501349552267	4.78745238372550	4.57989127192833	4.37233016013116	4.16476904833399	3.95720793653682
0.144000000000000	4.99496870121543	4.78739656702739	4.57982443283936	4.37225229865132	4.16468016446328	3.95710803027524
0.145000000000000	4.99495141958197	4.78736875626326	4.57978609294455	4.37220342962584	4.16462076630714	3.95703810298843
0.146000000000000	4.99495911362586	4.78736641618055	4.57977371873524	4.37218102128993	4.16458832384463	3.95699562639932
0.147000000000000	4.99498937217803	4.78738713489939	4.57978489762076	4.37218266034212	4.16458042306349	3.95697818578485
0.148000000000000	4.99503990908241	4.78742862333513	4.57981733758784	4.37220605184056	4.16459476609327	3.95698348034599
0.149000000000000	4.99510856187998	4.78748871410693	4.57986886633388	4.37224901856083	4.16462917078778	3.95700932301473
0.150000000000000	4.99519329004519	4.78756535998668	4.57993742992819	4.37230949986968	4.16468156981118	3.95705363975268
0.151000000000000	4.99529217282553	4.78765663193900	4.58002109105248	4.37238555016595	4.16475000927942	3.95711446839289
0.152000000000000	4.99540340673221	4.78776071680054	4.58011802686888	4.37247533693721	4.16483264700555	3.95718995707388
0.153000000000000	4.99552530272657	4.78787591464364	4.58022652656072	4.37257713847779	4.16492775039487	3.95727836231195
0.154000000000000	4.99565628314460	4.78800063586671	4.58034498858883	4.37268934131094	4.16503369403306	3.95737804675518
0.155000000000000	4.99579487839845	4.78813339805075	4.58047191770304	4.37281043735533	4.16514895700763	3.95748747665992
0.156000000000000	4.99593972349169	4.78827282261891	4.58060592174614	4.37293902087336	4.16527212000058	3.95760521912781
0.157000000000000	4.99608955438203	4.78841763133340	4.58074570828479	4.37307378523617	4.16540186218755	3.95772993913893
0.158000000000000	4.99624320422303	4.78856664266130	4.58089008109958	4.37321351953785	4.16553695797613	3.95786039641440
0.159000000000000	4.99639959951366	4.78871876803873	4.58103793656381	4.37335710508889	4.16567627361396	3.95799544213904
0.160000000000000	4.99655775618226	4.78887300806033	4.58118825993841	4.37350351181649	4.16581876369456	3.95813401557264
0.161000000000000	4.99671677562943	4.78902844861878	4.58134012160813	4.37365179459749	4.16596346758684	3.95827514057619
0.162000000000000	4.99687584075193	4.78918425701699	4.58149267328206	4.37380108954712	4.16610950581219	3.95841792207725
0.163000000000000	4.99703421196793	4.78933967807364	4.58164514417936	4.37395061028507	4.16625607639079	3.95856154249650
0.164000000000000	4.99719122326182	4.78949403024064	4.58179683721947	4.37409964419829	4.16640245117711	3.95870525815594
0.165000000000000	4.99734627826501	4.78964670174937	4.58194712523374	4.37424754871810	4.16654797220247	3.95884839568684
0.166000000000000	4.99749884638751	4.78979714680088	4.58209544721425	4.37439374762762	4.16669204804099	3.95899034845436
0.167000000000000	4.99764845901333	4.78994488181338	4.58224130461344	4.37453772741349	4.16683415021355	3.95913057301360
0.168000000000000	4.99779470577115	4.79008948173903	4.58238425770693	4.37467903367482	4.16697380964271	3.95926858561060
0.169000000000000	4.99793723089052	4.79023057646044	4.58252392203037	4.37481726760030	4.16711061317023	3.95940395874016
0.170000000000000	4.99807572965217	4.79036784727593	4.58265996489971	4.37495208252348	4.16724420014725	3.95953631777102
0.171000000000000	4.99820994493997	4.79050102348150	4.58279210202304	4.37508318056457	4.16737425910610	3.95966533764764
0.172000000000000	4.99833966390082	4.79062987905594	4.58292009421106	4.37521030936618	4.16750052452131	3.95979073967643
0.173000000000000	4.99846471471755	4.79075422945473	4.58304374419192	4.37533325892910	4.16762277366628	3.95991228840347
0.174000000000000	4.99858496349923	4.79087392851722	4.58316289353522	4.37545185855322	4.16774082357121	3.96002978858921
0.175000000000000	4.99870031129185	4.79098886549050	4.58327741968916	4.37556597388782	4.16785452808647	3.96014308228513
0.176000000000000	4.99881069121191	4.79109896217274	4.58338723313357	4.37567550409441	4.16796377505524	3.96025204601607
0.177000000000000	4.99891606570441	4.79120417017777	4.58349227465114	4.37578037912450	4.16806848359787	3.96035658807124
0.178000000000000	4.99901642392614	4.79130446832212	4.58359251271810	4.37588055711409	4.16816860151007	3.96045664590606
0.179000000000000	4.99911177925440	4.79139986013479	4.58368794101519	4.37597602189559	4.16826410277599	3.96055218365640
0.180000000000000	4.99920216692074	4.79149037148977	4.58377857605880	4.37606678062784	4.16835498519687	3.96064318976590
0.181000000000000	4.99928764176883	4.79157604836040	4.58386445495198	4.37615286154355	4.16844126813513	3.96072967472671
0.182000000000000	4.99936827613493	4.79165695469456	4.58394563325420	4.37623431181384	4.16852299037347	3.96081166893311
0.183000000000000	4.99944415784917	4.79173317040883	4.58402218296851	4.37631119552817	4.16860020808784	3.96088922064751
0.184000000000000	4.99951538835535	4.79180478949972	4.58409419064409	4.37638359178846	4.16867299293283	3.96096239407720
0.185000000000000	4.99958208094670	4.79187191826945	4.58416175559220	4.37645159291495	4.16874143023770	3.96103126756044
0.186000000000000	4.99964435911467	4.79193467366369	4.58422498821272	4.37651530276175	4.16880561731077	3.96109593185980
0.187000000000000	4.99970235500773	4.79199318171826	4.58428400842880	4.37657483513933	4.16886566184987	3.96115648856040
0.188000000000000	4.99975620799676	4.79204757611152	4.58433894422629	4.37663031234105	4.16892168045581	3.96121304857058
0.189000000000000	4.99980606334354	4.79209799681923	4.58438993029493	4.37668186377063	4.16897379724632	3.96126573072202
0.190000000000000	4.99985207096868	4.79214458886825	4.58443710676782	4.37672962466740	4.16902214256697	3.96131466046655
0.191000000000000	4.99989438431527	4.79218750118546	4.58448061805565	4.37677373492584	4.16906685179603	3.96135996866622
0.192000000000000	4.99993315930436	4.79222688553820	4.58452061177205	4.37681433800589	4.16910806423973	3.96140179047357
0.193000000000000	4.99996855337834	4.79226289556238	4.58455723774643	4.37685157993048	4.16914592211453	3.96144026429858
0.194000000000000	5.00000072462831	4.79229568587441	4.58459064712050	4.37688560836660	4.16918056961270	3.96147553085879
0.195000000000000	5.00002983100154	4.79232541126308	4.58462099152462	4.37691657178617	4.16921215204771	3.96150773230925
0.196000000000000	5.00005602958490	4.79235222595763	4.58464842233035	4.37694461870307	4.16924081507579	3.96153701144851
0.197000000000000	5.00007947596056	4.79237628296790	4.58467308997523	4.37696989698256	4.16926670398989	3.96156351099722
0.198000000000000	5.00010032362986	4.79239773349304	4.58469514335621	4.37699255321938	4.16928996308256	3.96158737294573
0.199000000000000	5.00011872350168	4.79241672639477	4.58471472928786	4.37701273218096	4.16931073507405	3.96160873796714
0.200000000000000	5.00013482344141	4.79243340773160	4.58473199202178	4.37703057631196	4.16932916060214	3.96162774489232
0.201000000000000	5.00014876787704	4.79244792035030	4.58474707282355	4.37704622529681	4.16934537777007	3.96164453024332
0.202000000000000	5.00016069745842	4.79246040353113	4.58476010960383	4.37705981567653	4.16935952174924	3.96165922782194
0.203000000000000	5.00017074876662	4.79247099268329	4.58477123659996	4.37707148051662	4.16937172443329	3.96167196834996
0.204000000000000	5.00017905406961	4.79247981908726	4.58478058410492	4.37708134912257	4.16938211414023	3.96168287915788
0.205000000000000	5.00018574112116	4.79248700968072	4.58478827824028	4.37708954679984	4.16939081535941	3.96169208391897
0.206000000000000	5.00019093299980	4.79249268688493	4.58479444077006	4.37709619465518	4.16939794854031	3.96169970242544
0.207000000000000	5.00019474798468	4.79249696846854	4.58479918895240	4.37710140943627	4.16940362992013	3.96170585040399
0.208000000000000	5.00019729946538	4.79249996744583	4.58480263542627	4.37710530340672	4.16940797138716	3.96171063936761
0.209000000000000	5.00019869588302	4.79250179200661	4.58480488813020	4.37710798425378	4.16941108037737	3.96171417650096
0.210000000000000	5.00019904069975	4.79250254547515	4.58480605025055	4.37710955502595	4.16941305980134	3.96171656457674
0.211000000000000	5.00019843239422	4.79250232629545	4.58480622019668	4.37711011409791	4.16941400799913	3.96171790190036
0.212000000000000	5.00019696448047	4.79250122804049	4.58480549160050	4.37710975516051	4.16941401872052	3.96171828228053
0.213000000000000	5.00019472554807	4.79249933944315	4.58480395333823	4.37710856723330	4.16941318112838	3.96171779502346
0.214000000000000	5.00019179932108	4.79249674444654	4.58480168957200	4.37710663469747	4.16941157982293	3.96171652494839
0.215000000000000	5.00018826473399	4.79249352227169	4.58479877980938	4.37710403734707	4.16940929488477	3.96171455242246
0.216000000000000	5.00018419602257	4.79248974750061	4.58479529897865	4.37710085045668	4.16940640193472	3.96171195341276
0.217000000000000	5.00017966282771	4.79248549017294	4.58479131751816	4.37709714486339	4.16940297220861	3.96170879955384
0.218000000000000	5.00017473031077	4.79248081589437	4.58478690147796	4.37709298706156	4.16939907264515	3.96170515822875
0.219000000000000	5.00016945927851	4.79247578595523	4.58478211263195	4.37708843930867	4.16939476598540	3.96170109266212
0.220000000000000	5.00016390631638	4.79247045745781	4.58477700859924	4.37708355974067	4.16939011088210	3.96169666202353
0.221000000000000	5.00015812392858	4.79246488345083	4.58477164297308	4.37707840249534	4.16938516201759	3.96169192153984
0.222000000000000	5.00015216068369	4.79245911306996	4.58476606545623	4.37707301784249	4.16937997022875	3.96168692261502
0.223000000000000	5.00014606136465	4.79245319168297	4.58476032200130	4.37706745231962	4.16937458263795	3.96168171295627
0.224000000000000	5.00013986712189	4.79244716103856	4.58475445495524	4.37706174887191	4.16936904278858	3.96167633670526
0.225000000000000	5.00013361562881	4.79244105941771	4.58474850320661	4.37705594699551	4.16936339078440	3.96167083457330
0.226000000000000	5.00012734123842	4.79243492178665	4.58474250233489	4.37705008288313	4.16935766343136	3.96166524397960
0.227000000000000	5.00012107514052	4.79242877995071	4.58473648476090	4.37704418957109	4.16935189438128	3.96165959919147
0.228000000000000	5.00011484551848	4.79242266270796	4.58473047989744	4.37703829708692	4.16934611427640	3.96165393146587
0.229000000000000	5.00010867770505	4.79241659600231	4.58472451429958	4.37703243259684	4.16934035089410	3.96164826919137
0.230000000000000	5.00010259433646	4.79241060307513	4.58471861181379	4.37702662055246	4.16933462929113	3.96164263802979
0.231000000000000	5.00009661550443	4.79240470461496	4.58471279372550	4.37702088283603	4.16932897194657	3.96163706105710
0.232000000000000	5.00009075890533	4.79239891890482	4.58470707890431	4.37701523890380	4.16932339890329	3.96163155890277
0.233000000000000	5.00008503998639	4.79239326196655	4.58470148394671	4.37700970592687	4.16931792790703	3.96162614988719
0.234000000000000	5.00007947208824	4.79238774770193	4.58469602331563	4.37700429892932	4.16931257454301	3.96162085015671
0.235000000000000	5.00007406658374	4.79238238803016	4.58469070947659	4.37699903092302	4.16930735236944	3.96161567381587
0.236000000000000	5.00006883301262	4.79237719302139	4.58468555303017	4.37699391303894	4.16930227304771	3.96161063305649
0.237000000000000	5.00006377921184	4.79237217102614	4.58468056284043	4.37698895465473	4.16929734646902	3.96160573828331
0.238000000000000	5.00005891144139	4.79236732880031	4.58467574615922	4.37698416351813	4.16929258087705	3.96160099823596
0.239000000000000	5.00005423450540	4.79236267162571	4.58467110874603	4.37697954586635	4.16928798298666	3.96159642010698
0.240000000000000	5.00004975186846	4.79235820342593	4.58466665498340	4.37697510654086	4.16928355809833	3.96159200965580
0.241000000000000	5.00004546576712	4.79235392687739	4.58466238798767	4.37697084909794	4.16927931020821	3.96158777131848
0.242000000000000	5.00004137731636	4.79234984351572	4.58465830971508	4.37696677591445	4.16927524211381	3.96158370831317
0.243000000000000	5.00003748661118	4.79234595383716	4.58465442106314	4.37696288828912	4.16927135551510	3.96157982274108
0.244000000000000	5.00003379282325	4.79234225739522	4.58465072196718	4.37695918653914	4.16926765111110	3.96157611568306
0.245000000000000	5.00003029429258	4.79233875289241	4.58464721149224	4.37695567009208	4.16926412869191	3.96157258729174
0.246000000000000	5.00002698861432	4.79233543826728	4.58464388792024	4.37695233757320	4.16926078722616	3.96156923687912
0.247000000000000	5.00002387272080	4.79233231077659	4.58464074883238	4.37694918688817	4.16925762494396	3.96156606299975
0.248000000000000	5.00002094295877	4.79232936707292	4.58463779118707	4.37694621530121	4.16925463941536	3.96156306352951
0.249000000000000	5.00001819516202	4.79232660327762	4.58463501139321	4.37694341950881	4.16925182762440	3.96156023574000
0.250000000000000	5.00001562471945	4.79232401504930	4.58463240537914	4.37694079570898	4.16924918603882	3.96155757636866
0.251000000000000	5.00001322663873	4.79232159764793	4.58462996865712	4.37693833966631	4.16924671067550	3.96155508168470
0.252000000000000	5.00001099560567	4.79231934599471	4.58462769638375	4.37693604677280	4.16924439716184	3.96155274755088
0.253000000000000	5.00000892603940	4.79231725472779	4.58462558341618	4.37693391210457	4.16924224079296	3.96155056948135
0.254000000000000	5.00000701214356	4.79231531825396	4.58462362436435	4.37693193047475	4.16924023658515	3.96154854269555
0.255000000000000	5.00000524795363	4.79231353079657	4.58462181363951	4.37693009648246	4.16923837932540	3.96154666216834
0.256000000000000	5.00000362738048	4.79231188643969	4.58462014549891	4.37692840455812	4.16923666361734	3.96154492267655
0.257000000000000	5.00000214425038	4.79231037916869	4.58461861408700	4.37692684900532	4.16923508392363	3.96154331884194
0.258000000000000	5.00000079234163	4.79230900290747	4.58461721347331	4.37692542403915	4.16923363460499	3.96154184517083
0.259000000000000	4.99999956541786	4.79230775155239	4.58461593768692	4.37692412382145	4.16923230995599	3.96154049609051
0.260000000000000	4.99999845725827	4.79230661900312	4.58461478074796	4.37692294249281	4.16923110423766	3.96153926598250
0.261000000000000	4.99999746168491	4.79230559919051	4.58461373669610	4.37692187420170	4.16923001170730	3.96153814921289
0.262000000000000	4.99999657258718	4.79230468610171	4.58461279961625	4.37692091313079	4.16922902664533	3.96153714015986
0.263000000000000	4.99999578394364	4.79230387380262	4.58461196366160	4.37692005352057	4.16922814337955	3.96153623323853
0.264000000000000	4.99999508984142	4.79230315645779	4.58461122307415	4.37691928969052	4.16922735630689	3.96153542292325
0.265000000000000	4.99999448449318	4.79230252834805	4.58461057220292	4.37691861605780	4.16922665991267	3.96153470376754
0.266000000000000	4.99999396225194	4.79230198388590	4.58461000551985	4.37691802715380	4.16922604878775	3.96153407042170
0.267000000000000	4.99999351762385	4.79230151762875	4.58460951763366	4.37691751763856	4.16922551764347	3.96153351764837
0.268000000000000	4.99999314527897	4.79230112429039	4.58460910330180	4.37691708231322	4.16922506132463	3.96153304033605
0.269000000000000	4.99999284006039	4.79230079875046	4.58460875744052	4.37691671613059	4.16922467482066	3.96153263351072
0.270000000000000	4.99999259699154	4.79230053606239	4.58460847513325	4.37691641420411	4.16922435327497	3.96153229234582
0.271000000000000	4.99999241128206	4.79230033145975	4.58460825163743	4.37691617181512	4.16922409199280	3.96153201217048
0.272000000000000	4.99999227833227	4.79230018036108	4.58460808238989	4.37691598441870	4.16922388644751	3.96153178847632
0.273000000000000	4.99999219373622	4.79230007837354	4.58460796301087	4.37691584764819	4.16922373228551	3.96153161692283
0.274000000000000	4.99999215328368	4.79230002129524	4.58460788930680	4.37691575731836	4.16922362532992	3.96153149334148
0.275000000000000	4.99999215296097	4.79230000511649	4.58460785727202	4.37691570942755	4.16922356158307	3.96153141373860
0.276000000000000	4.99999218895079	4.79230002602008	4.58460786308936	4.37691570015865	4.16922353722793	3.96153137429721
0.277000000000000	4.99999225763122	4.79230008038056	4.58460790312989	4.37691572587923	4.16922354862857	3.96153137137790
0.278000000000000	4.99999235557384	4.79230016476281	4.58460797395178	4.37691578314076	4.16922359232973	3.96153140151870
0.279000000000000	4.99999247954120	4.79230027591980	4.58460807229840	4.37691586867701	4.16922366505561	3.96153146143421
0.280000000000000	4.99999262648358	4.79230041078967	4.58460819509576	4.37691597940185	4.16922376370795	3.96153154801404
0.281000000000000	4.99999279353525	4.79230056649229	4.58460833944934	4.37691611240638	4.16922388536343	3.96153165832047
0.282000000000000	4.99999297801022	4.79230074032530	4.58460850264039	4.37691626495548	4.16922402727057	3.96153178958565
0.283000000000000	4.99999317739753	4.79230092975966	4.58460868212180	4.37691643448394	4.16922418684607	3.96153193920821
0.284000000000000	4.99999338935622	4.79230113243486	4.58460887551351	4.37691661859215	4.16922436167080	3.96153210474945
0.285000000000000	4.99999361170996	4.79230134615379	4.58460908059763	4.37691681504146	4.16922454948529	3.96153228392912
0.286000000000000	4.99999384244148	4.79230156887737	4.58460929531326	4.37691702174916	4.16922474818505	3.96153247462094
0.287000000000000	4.99999407968671	4.79230179871891	4.58460951775111	4.37691723678331	4.16922495581551	3.96153267484771
0.288000000000000	4.99999432172889	4.79230203393837	4.58460974614785	4.37691745835733	4.16922517056681	3.96153288277629
0.289000000000000	4.99999456699240	4.79230227293640	4.58460997888040	4.37691768482440	4.16922539076840	3.96153309671239
0.290000000000000	4.99999481403671	4.79230251424840	4.58461021446010	4.37691791467179	4.16922561488349	3.96153331509518
0.291000000000000	4.99999506155010	4.79230275653843	4.58461045152677	4.37691814651511	4.16922584150344	3.96153353649178
0.292000000000000	4.99999530834352	4.79230299859316	4.58461068884281	4.37691837909245	4.16922606934209	3.96153375959173
0.293000000000000	4.99999555334441	4.79230323931581	4.58461092528721	4.37691861125861	4.16922629723001	3.96153398320141
0.294000000000000	4.99999579559055	4.79230347772013	4.58461115984970	4.37691884197928	4.16922652410886	3.96153420623843
0.295000000000000	4.99999603422402	4.79230371292443	4.58461139162483	4.37691907032524	4.16922674902564	3.96153442772604
0.296000000000000	4.99999626848526	4.79230394414573	4.58461161980620	4.37691929546667	4.16922697112714	3.96153464678761
0.297000000000000	4.99999649770720	4.79230417069398	4.58461184368077	4.37691951666756	4.16922718965434	3.96153486264113
0.298000000000000	4.99999672130953	4.79230439196639	4.58461206262326	4.37691973328013	4.16922740393699	3.96153507459386
0.299000000000000	4.99999693879317	4.79230460744194	4.58461227609071	4.37691994473947	4.16922761338824	3.96153528203701
0.300000000000000	4.99999714973481	4.79230481667596	4.58461248361712	4.37692015055827	4.16922781749942	3.96153548444058