t i_5 i_10 i_15 i_20 i_25 i_30 i_35
0	0	0	0	0	0	0	0
0.00500000000000000	0.802461944054025	0.818229850756480	0.827278047620248	0.830874892819812	0.831054634101542	0.829426389549399	0.826986805093967
0.0100000000000000	2.47552504437319	2.50104323066716	2.49620592873659	2.47453269273857	2.44691311967878	2.41927624556968	2.39408949140373
0.0150000000000000	4.20026626403065	4.19381144783833	4.11605804168485	4.01119331070144	3.90705413891854	3.81506233921096	3.73766013574046
0.0200000000000000	5.66217338312596	5.55818625189786	5.32755307334264	5.06861103256171	4.83329282237710	4.63710104984816	4.47887149686459
0.0250000000000000	6.78321078073605	6.50944541615100	6.04715996580083	5.57246467645886	5.16448455811603	4.83794522695918	4.58276773632121
0.0300000000000000	7.58579439453242	7.07653615882298	6.32162543290221	5.59424282839725	4.99750492389102	4.53693333525655	4.18722070427885
0.0350000000000000	8.12667284019061	7.33026930413438	6.24794874633763	5.26177354507556	4.48855152267053	3.91336871428309	3.48936755497305
0.0400000000000000	8.46696118028880	7.34861302156981	5.93168372872063	4.70964465127338	3.79618083761924	3.14337340855622	2.67758110515740
0.0450000000000000	8.66023770146235	7.20162438047686	5.46722120759945	4.05454303653539	3.05246071948935	2.36795459913255	1.89742843821609
0.0500000000000000	8.74920556309268	6.94635398000898	4.93027660195060	3.38564656656167	2.35221585869339	1.68201430931124	1.24103921965861
0.0550000000000000	8.76607001737813	6.62648785856774	4.37680883795076	2.76360918431824	1.75309005982718	1.13614827290398	0.750869749782435
0.0600000000000000	8.73425388842692	6.27397460314841	3.84502464734169	2.22398114203286	1.28130086035725	0.745103990927315	0.430784866385407
0.0650000000000000	8.67035829367373	5.91125518420799	3.35858596376771	1.78246843695724	0.939647143997807	0.498608482417008	0.259397266893575
0.0700000000000000	8.58592153615185	5.55345122028431	2.93001131620917	1.44049153013574	0.715622993666999	0.371843401710400	0.202455907996333
0.0750000000000000	8.48883859025063	5.21025248886624	2.56377446791810	1.19020691052756	0.588446905243196	0.334086514144456	0.222601659683445
0.0800000000000000	8.38444040703507	4.88743567924718	2.25889641751657	1.01861099453449	0.534486791589799	0.354945154250085	0.285939741769160
0.0850000000000000	8.27628373661899	4.58803360641340	2.01098734859926	0.910628295620902	0.531000224205922	0.408206596610942	0.365618995891719
0.0900000000000000	8.16671388845784	4.31320752931765	1.81377680441388	0.851248242104987	0.558367410273631	0.473672984125756	0.443011444755585
0.0950000000000000	8.05725789540796	4.06288227859138	1.66020620084336	0.826856511948180	0.601119277772513	0.537495687648875	0.507230546974375
0.100000000000000	7.94889507406341	3.83619921940082	1.54316787389974	0.825935773326869	0.648096625591048	0.591536657447339	0.553696950805308
0.105000000000000	7.84224099878356	3.63183315588695	1.45597132800575	0.839307783328752	0.692053078041524	0.632216131889184	0.582331919566697
0.110000000000000	7.73767138836447	3.44820974773105	1.39260741324624	0.860068331038725	0.728961175932188	0.659199593569196	0.595790720643154
0.115000000000000	7.63540485933083	3.28365142641937	1.34786896744618	0.883338298640293	0.757216440407754	0.674162590906271	0.597982748980412
0.120000000000000	7.53555782656229	3.13647269467851	1.31737429456690	0.905924445126129	0.776871195433105	0.679769185360349	0.592986551196547
0.125000000000000	7.43818071167046	3.00504009715419	1.29752886354982	0.925956118304717	0.788975546811994	0.678918232539870	0.584366873887014
0.130000000000000	7.34328169979224	2.88780788548094	1.28545127958668	0.942540881242782	0.795060415541769	0.674254429396410	0.574838059639985
0.135000000000000	7.25084225401857	2.78333722499447	1.27888199837996	0.955463679648633	0.796767385922157	0.667906472130299	0.566188132465642
0.140000000000000	7.16082720317981	2.69030446644109	1.27608731408651	0.964940580438732	0.795611134599190	0.661398662744240	0.559372465690231
0.145000000000000	7.07319127355782	2.60750232882233	1.27576664752428	0.971428739616376	0.792850270230773	0.655679816804679	0.554696252708563
0.150000000000000	6.98788329991459	2.53383664262207	1.27696785439211	0.975488364638184	0.789439181093994	0.651219424427325	0.552023390009367
0.155000000000000	6.90484892761267	2.46832045677754	1.27901292858673	0.977689230390422	0.786034727892641	0.648131519266659	0.550969920120641
0.160000000000000	6.82403233690241	2.41006672013209	1.28143488014487	0.978553047025663	0.783035440984441	0.646298468020957	0.551058946225242
0.165000000000000	6.74537733547241	2.35828033634751	1.28392553800635	0.978523023923915	0.780635828018399	0.645477817055659	0.551828798716588
0.170000000000000	6.66882804404071	2.31225010754538	1.28629341382658	0.977952813353676	0.778883448922471	0.645384264957678	0.552896501354653
0.175000000000000	6.59432932052639	2.27134088821950	1.28843044398697	0.977108261652417	0.777730936288527	0.645745336217841	0.553984513037014
0.180000000000000	6.52182701677702	2.23498614003306	1.29028630927300	0.976176769881195	0.777078806722249	0.646333477801367	0.554921121831595
0.185000000000000	6.45126812838120	2.20268099072990	1.29184904483457	0.975280390053783	0.776807625998020	0.646979448325630	0.555624764193018
0.190000000000000	6.38260087646284	2.17397584300114	1.29313074521762	0.974489952319461	0.776799910831164	0.647572510545038	0.556080932664072
0.195000000000000	6.31577474639937	2.14847054228034	1.29415730360888	0.973838483604446	0.776953210508554	0.648052575848165	0.556318053057608
0.200000000000000	6.25074049942510	2.12580908950042	1.29496127570244	0.973332928404204	0.777186285638369	0.648398527411627	0.556386364601841
0.205000000000000	6.18745016731363	2.10567487127070	1.29557711025416	0.972963731334564	0.777440363162834	0.648615811985186	0.556341802744396
0.210000000000000	6.12585703663614	2.08778637258183	1.29603813034229	0.972712215952321	0.777677250972141	0.648725278171947	0.556235347287758
0.215000000000000	6.06591562672772	2.07189333386880	1.29637477608728	0.972555928205228	0.777875766174546	0.648754293504957	0.556107294735052
0.220000000000000	6.00758166398285	2.05777331359323	1.29661372874309	0.972472238987421	0.778027559520236	0.648730457187867	0.555985385067152
0.225000000000000	5.95081205413802	2.04522861845651	1.29677762737743	0.972440549060602	0.778133065044354	0.648677747329942	0.555885552838414
0.230000000000000	5.89556485358574	2.03408356526228	1.29688516381012	0.972443436814968	0.778198003250337	0.648614672918230	0.555814160125551
0.235000000000000	5.84179924037447	2.02418204087054	1.29695140079711	0.972467055500275	0.778230632888165	0.648553896095619	0.555770794036058
0.240000000000000	5.78947548530111	2.01538532934020	1.29698820466821	0.972501037046941	0.778239781624274	0.648502799532868	0.555750986354286
0.245000000000000	5.73855492334567	2.00757017805928	1.29700471885274	0.972538105246015	0.778233582200086	0.648464550869563	0.555748476619914
0.250000000000000	5.68899992559869	2.00062707729759	1.29700783095628	0.972573548897749	0.778218786307719	0.648439324175691	0.555756857189161
0.255000000000000	5.64077387176898	1.99445873012053	1.29700260509132	0.972604659635738	0.778200510432355	0.648425450359099	0.555770595157365
0.260000000000000	5.59384112331983	1.98897869193684	1.29699266458552	0.972630201365035	0.778182274165689	0.648420367585405	0.555785521798634
0.265000000000000	5.54816699725710	1.98411016110281	1.29698051931610	0.972649948990982	0.778166211740083	0.648421320606178	0.555798924744115
0.270000000000000	5.50371774057709	1.97978490396700	1.29696783783607	0.972664312783781	0.778153363893839	0.648425812159557	0.555809384857081
0.275000000000000	5.46046050537245	1.97594229951716	1.29695566803704	0.972674050223032	0.778143984147900	0.648431842159207	0.555816482495769
0.280000000000000	5.41836332458859	1.97252849039517	1.29694461201797	0.972680058183981	0.778137817735034	0.648437985303666	0.555820468597920
0.285000000000000	5.37739508841953	1.96949562848658	1.29693496162292	0.972683233544791	0.778134331028003	0.648443359902596	0.555821963879641
0.290000000000000	5.33752552132992	1.96680120458344	1.29692680116599	0.972684388514512	0.778132883839255	0.648447534835812	0.555821720383686
0.295000000000000	5.29872515968912	1.96440745277427	1.29692008346432	0.972684207193759	0.778132846691412	0.648450411592138	0.555820456801168
0.300000000000000	5.26096533000237	1.96228082124651	1.29691468465553	0.972683231282445	0.778133670821438	0.648452107240389	0.555818763408458
0.305000000000000	5.22421812772401	1.96039150210705	1.29691044252292	0.972681864841685	0.778134921208061	0.648452853917954	0.555817063616755
0.310000000000000	5.18845639663796	1.95871301364638	1.29690718228331	0.972680390180284	0.778136283234549	0.648452922058148	0.555815615713343
0.315000000000000	5.15365370879039	1.95722182920164	1.29690473306487	0.972678988998897	0.778137552543914	0.648452568509632	0.555814538766968
0.320000000000000	5.11978434496019	1.95589704742403	1.29690293764789	0.972677764731721	0.778138615875891	0.648452006856054	0.555813849320600
0.325000000000000	5.08682327565293	1.95472009933366	1.29690165747445	0.972676763506439	0.778139428682425	0.648451395273968	0.555813499118771
0.330000000000000	5.05474614260428	1.95367448805927	1.29690077445655	0.972675992286075	0.778139993424225	0.648450836705121	0.555813407786609
0.335000000000000	5.02352924077944	1.95274555761702	1.29690019072215	0.972675433586355	0.778140340839718	0.648450386489692	0.555813487523429
0.340000000000000	4.99314950085522	1.95192028748911	1.29689982712672	0.972675056723509	0.778140515228447	0.648450063493719	0.555813659227435
0.345000000000000	4.96358447217184	1.95118711012392	1.29689962111381	0.972674825892677	0.778140563908974	0.648449861843555	0.555813860986397
0.350000000000000	4.93481230614190	1.95053574880036	1.29689952432199	0.972674705558469	0.778140530456424	0.648449761429856	0.555814050651177
0.355000000000000	4.90681174010429	1.94995707358434	1.29689950019565	0.972674663703935	0.778140451034155	0.648449736232021	0.555814204425892
0.360000000000000	4.87956208161112	1.94944297335867	1.29689952175606	0.972674673471939	0.778140353038195	0.648449760183322	0.555814313249390
0.365000000000000	4.85304319313591	1.94898624213296	1.29689956961657	0.972674713675066	0.778140255306998	0.648449810741896	0.555814378378902
0.370000000000000	4.82723547719201	1.94858047804008	1.29689963027718	0.972674768570101	0.778140169257705	0.648449870580683	0.555814407153379
0.375000000000000	4.80211986185001	1.94821999360346	1.29689969470103	0.972674827207077	0.778140100451535	0.648449927903752	0.555814409503551
0.380000000000000	4.77767778664357	1.94789973601777	1.29689975715605	0.972674882581351	0.778140050235407	0.648449975884674	0.555814395440946
0.385000000000000	4.75389118885323	1.94761521632539	1.29689981429392	0.972674930746083	0.778140017236381	0.648450011647818	0.555814373519702
0.390000000000000	4.73074249015803	1.94736244649618	1.29689986443381	0.972674969984453	0.778139998590474	0.648450035110721	0.555814350121054
0.395000000000000	4.70821458364510	1.94713788352846	1.29689990701768	0.972675000096309	0.778139990865196	0.648450047899791	0.555814329345455
0.400000000000000	4.68629082116768	1.94693837978789	1.29689994220565	0.972675021821670	0.778139990687207	0.648450052458370	0.555814313290212
0.405000000000000	4.66495500104208	1.94676113888801	1.29689997058307	0.972675036401784	0.778139995116779	0.648450051393289	0.555814302519646
0.410000000000000	4.64419135607460	1.94660367649415	1.29689999295468	0.972675045265182	0.778140001824243	0.648450047055433	0.555814296581503
0.415000000000000	4.62398454190964	1.94646378550123	1.29690001020521	0.972675049819294	0.778140009125302	0.648450041319703	0.555814294473768
0.420000000000000	4.60431962569011	1.94633950509740	1.29690002320956	0.972675051325864	0.778140015926414	0.648450035516154	0.555814295011092
0.425000000000000	4.58518207502210	1.94622909327996	1.29690003277892	0.972675050839024	0.778140021621955	0.648450030462411	0.555814297075072
0.430000000000000	4.56655774723540	1.94613100243818	1.29690003963223	0.972675049187280	0.778140025974211	0.648450026553212	0.555814299756285
0.435000000000000	4.54843287893203	1.94604385766090	1.29690004438506	0.972675046983868	0.778140028997073	0.648450023872467	0.555814302409159
0.440000000000000	4.53079407581512	1.94596643746479	1.29690004754958	0.972675044653370	0.778140030855696	0.648450022303738	0.555814304645617
0.445000000000000	4.51362830279049	1.94589765667320	1.29690004954140	0.972675042465689	0.778140031787695	0.648450021624688	0.555814306292470
0.450000000000000	4.49692287433368	1.94583655120551	1.29690005069015	0.972675040571290	0.778140032046704	0.648450021578921	0.555814307333183
0.455000000000000	4.48066544511537	1.94578226456392	1.29690005125149	0.972675039033882	0.778140031866196	0.648450021924289	0.555814307848919
0.460000000000000	4.46484400087814	1.94573403582815	1.29690005141933	0.972675037858464	0.778140031439868	0.648450022460306	0.555814307967999
0.465000000000000	4.44944684955795	1.94569118898986	1.29690005133731	0.972675037013898	0.778140030914408	0.648450023039138	0.555814307828096
0.470000000000000	4.43446261264366	1.94565312347721	1.29690005110909	0.972675036450034	0.778140030390650	0.648450023565096	0.555814307551851
0.475000000000000	4.41988021676830	1.94561930573683	1.29690005080721	0.972675036109911	0.778140029929668	0.648450023987230	0.555814307234313
0.480000000000000	4.40568888552589	1.94558926175516	1.29690005048057	0.972675035937804	0.778140029561180	0.648450024288725	0.555814306939462
0.485000000000000	4.39187813150761	1.94556257041433	1.29690005016045	0.972675035884005	0.778140029292338	0.648450024475806	0.555814306702766
0.490000000000000	4.37843774855160	1.94553885758947	1.29690004986543	0.972675035907149	0.778140029115747	0.648450024567847	0.555814306537030
0.495000000000000	4.36535780420062	1.94551779090473	1.29690004960511	0.972675035974845	0.778140029016035	0.648450024589580	0.555814306439360
0.500000000000000	4.35262863236194	1.94549907507443	1.29690004938303	0.972675036063214	0.778140028974797	0.648450024565620	0.555814306397752
0.505000000000000	4.34024082616408	1.94548244776414	1.29690004919881	0.972675036155796	0.778140028973956	0.648450024517153	0.555814306396476
0.510000000000000	4.32818523100515	1.94546767591363	1.29690004904972	0.972675036242198	0.778140028997764	0.648450024460398	0.555814306419905
0.515000000000000	4.31645293778755	1.94545455247010	1.29690004893180	0.972675036316689	0.778140029033745	0.648450024406342	0.555814306454821
0.520000000000000	4.30503527633417	1.94544289348602	1.29690004884057	0.972675036376913	0.778140029072882	0.648450024361293	0.555814306491465
0.525000000000000	4.29392380898108	1.94543253554075	1.29690004877156	0.972675036422784	0.778140029109323	0.648450024327859	0.555814306523645
0.530000000000000	4.28311032434217	1.94542333344995	1.29690004872059	0.972675036455608	0.778140029139829	0.648450024306042	0.555814306548270
0.535000000000000	4.27258683124080	1.94541515823054	1.29690004868392	0.972675036477406	0.778140029163134	0.648450024294258	0.555814306564597
0.540000000000000	4.26234555280445	1.94540789529282	1.29690004865837	0.972675036490449	0.778140029179314	0.648450024290179	0.555814306573425
0.545000000000000	4.25237892071749	1.94540144283429	1.29690004864123	0.972675036496943	0.778140029189258	0.648450024291338	0.555814306576367
0.550000000000000	4.24267956962826	1.94539571041267	1.29690004863034	0.972675036498846	0.778140029194239	0.648450024295524	0.555814306575290
0.555000000000000	4.23324033170602	1.94539061767827	1.29690004862396	0.972675036497780	0.778140029195617	0.648450024300978	0.555814306571931
0.560000000000000	4.22405423134395	1.94538609324768	1.29690004862073	0.972675036495012	0.778140029194643	0.648450024306460	0.555814306567691
0.565000000000000	4.21511448000415	1.94538207370325	1.29690004861963	0.972675036491471	0.778140029192355	0.648450024311211	0.555814306563554
0.570000000000000	4.20641447120092	1.94537850270420	1.29690004861990	0.972675036487794	0.778140029189537	0.648450024314871	0.555814306560102
0.575000000000000	4.19794777561852	1.94537533019684	1.29690004862097	0.972675036484384	0.778140029186730	0.648450024317369	0.555814306557586
0.580000000000000	4.18970813635996	1.94537251171305	1.29690004862247	0.972675036481455	0.778140029184261	0.648450024318819	0.555814306556017
0.585000000000000	4.18168946432310	1.94537000774696	1.29690004862412	0.972675036479097	0.778140029182288	0.648450024319437	0.555814306555259
0.590000000000000	4.17388583370080	1.94536778320119	1.29690004862576	0.972675036477306	0.778140029180849	0.648450024319463	0.555814306555110
0.595000000000000	4.16629147760178	1.94536580689492	1.29690004862728	0.972675036476031	0.778140029179904	0.648450024319126	0.555814306555352
0.600000000000000	4.15890078378882	1.94536405112684	1.29690004862863	0.972675036475188	0.778140029179370	0.648450024318615	0.555814306555795
0.605000000000000	4.15170829053137	1.94536249128683	1.29690004862979	0.972675036474689	0.778140029179149	0.648450024318067	0.555814306556295
0.610000000000000	4.14470868256929	1.94536110551109	1.29690004863075	0.972675036474444	0.778140029179145	0.648450024317571	0.555814306556753
0.615000000000000	4.13789678718489	1.94535987437557	1.29690004863154	0.972675036474378	0.778140029179273	0.648450024317176	0.555814306557117
0.620000000000000	4.13126757038026	1.94535878062382	1.29690004863216	0.972675036474426	0.778140029179466	0.648450024316894	0.555814306557369
0.625000000000000	4.12481613315716	1.94535780892503	1.29690004863264	0.972675036474539	0.778140029179676	0.648450024316720	0.555814306557515
0.630000000000000	4.11853770789665	1.94535694565917	1.29690004863301	0.972675036474681	0.778140029179872	0.648450024316636	0.555814306557575
0.635000000000000	4.11242765483580	1.94535617872609	1.29690004863328	0.972675036474827	0.778140029180035	0.648450024316617	0.555814306557573
0.640000000000000	4.10648145863894	1.94535549737591	1.29690004863347	0.972675036474961	0.778140029180160	0.648450024316641	0.555814306557534
0.645000000000000	4.10069472506078	1.94535489205835	1.29690004863361	0.972675036475076	0.778140029180246	0.648450024316688	0.555814306557479
0.650000000000000	4.09506317769906	1.94535435428884	1.29690004863370	0.972675036475168	0.778140029180299	0.648450024316742	0.555814306557422
0.655000000000000	4.08958265483434	1.94535387652962	1.29690004863376	0.972675036475238	0.778140029180326	0.648450024316793	0.555814306557372
0.660000000000000	4.08424910635439	1.94535345208407	1.29690004863380	0.972675036475288	0.778140029180333	0.648450024316835	0.555814306557334
0.665000000000000	4.07905859076125	1.94535307500286	1.29690004863382	0.972675036475320	0.778140029180328	0.648450024316866	0.555814306557310
0.670000000000000	4.07400727225839	1.94535274000057	1.29690004863382	0.972675036475340	0.778140029180315	0.648450024316886	0.555814306557297
0.675000000000000	4.06909141791610	1.94535244238154	1.29690004863382	0.972675036475349	0.778140029180300	0.648450024316898	0.555814306557293
0.680000000000000	4.06430739491280	1.94535217797415	1.29690004863382	0.972675036475352	0.778140029180285	0.648450024316901	0.555814306557295
0.685000000000000	4.05965166785042	1.94535194307227	1.29690004863381	0.972675036475349	0.778140029180272	0.648450024316900	0.555814306557300
0.690000000000000	4.05512079614174	1.94535173438334	1.29690004863380	0.972675036475344	0.778140029180262	0.648450024316896	0.555814306557306
0.695000000000000	4.05071143146776	1.94535154898225	1.29690004863379	0.972675036475338	0.778140029180254	0.648450024316891	0.555814306557313
0.700000000000000	4.04642031530332	1.94535138427026	1.29690004863379	0.972675036475333	0.778140029180249	0.648450024316886	0.555814306557318
0.705000000000000	4.04224427650902	1.94535123793867	1.29690004863378	0.972675036475328	0.778140029180246	0.648450024316881	0.555814306557322
0.710000000000000	4.03818022898778	1.94535110793637	1.29690004863377	0.972675036475323	0.778140029180245	0.648450024316878	0.555814306557325
0.715000000000000	4.03422516940417	1.94535099244118	1.29690004863377	0.972675036475320	0.778140029180245	0.648450024316876	0.555814306557325
0.720000000000000	4.03037617496497	1.94535088983422	1.29690004863376	0.972675036475317	0.778140029180246	0.648450024316875	0.555814306557325
0.725000000000000	4.02663040125920	1.94535079867729	1.29690004863376	0.972675036475315	0.778140029180247	0.648450024316874	0.555814306557325
0.730000000000000	4.02298508015615	1.94535071769265	1.29690004863376	0.972675036475314	0.778140029180249	0.648450024316874	0.555814306557325
0.735000000000000	4.01943751775963	1.94535064574518	1.29690004863376	0.972675036475313	0.778140029180250	0.648450024316874	0.555814306557324
0.740000000000000	4.01598509241730	1.94535058182641	1.29690004863376	0.972675036475313	0.778140029180250	0.648450024316874	0.555814306557323
0.745000000000000	4.01262525278316	1.94535052504040	1.29690004863375	0.972675036475313	0.778140029180251	0.648450024316875	0.555814306557322
0.750000000000000	4.00935551593216	1.94535047459121	1.29690004863375	0.972675036475313	0.778140029180251	0.648450024316875	0.555814306557322
0.755000000000000	4.00617346552531	1.94535042977170	1.29690004863375	0.972675036475313	0.778140029180251	0.648450024316875	0.555814306557322
0.760000000000000	4.00307675002399	1.94535038995364	1.29690004863375	0.972675036475312	0.778140029180251	0.648450024316876	0.555814306557321
0.765000000000000	4.00006308095216	1.94535035457893	1.29690004863375	0.972675036475312	0.778140029180251	0.648450024316876	0.555814306557321
0.770000000000000	3.99713023120518	1.94535032315172	1.29690004863375	0.972675036475312	0.778140029180251	0.648450024316876	0.555814306557321
0.775000000000000	3.99427603340398	1.94535029523151	1.29690004863375	0.972675036475312	0.778140029180251	0.648450024316876	0.555814306557321
0.780000000000000	3.99149837829337	1.94535027042694	1.29690004863375	0.972675036475312	0.778140029180251	0.648450024316876	0.555814306557321
0.785000000000000	3.98879521318327	1.94535024839034	1.29690004863375	0.972675036475312	0.778140029180251	0.648450024316876	0.555814306557321
0.790000000000000	3.98616454043181	1.94535022881283	1.29690004863375	0.972675036475312	0.778140029180251	0.648450024316876	0.555814306557321
0.795000000000000	3.98360441596904	1.94535021142000	1.29690004863375	0.972675036475312	0.778140029180251	0.648450024316876	0.555814306557321
0.800000000000000	3.98111294786026	1.94535019596805	1.29690004863375	0.972675036475312	0.778140029180251	0.648450024316876	0.555814306557321
0.805000000000000	3.97868829490791	1.94535018224040	1.29690004863375	0.972675036475312	0.778140029180251	0.648450024316876	0.555814306557321
0.810000000000000	3.97632866529088	1.94535017004463	1.29690004863375	0.972675036475312	0.778140029180251	0.648450024316876	0.555814306557321
0.815000000000000	3.97403231524038	1.94535015920981	1.29690004863375	0.972675036475312	0.778140029180251	0.648450024316876	0.555814306557321
0.820000000000000	3.97179754775131	1.94535014958405	1.29690004863375	0.972675036475312	0.778140029180251	0.648450024316876	0.555814306557321
0.825000000000000	3.96962271132811	1.94535014103244	1.29690004863375	0.972675036475312	0.778140029180251	0.648450024316876	0.555814306557321
0.830000000000000	3.96750619876436	1.94535013343512	1.29690004863375	0.972675036475312	0.778140029180251	0.648450024316876	0.555814306557321
0.835000000000000	3.96544644595505	1.94535012668559	1.29690004863375	0.972675036475312	0.778140029180251	0.648450024316876	0.555814306557321
0.840000000000000	3.96344193074065	1.94535012068924	1.29690004863375	0.972675036475312	0.778140029180251	0.648450024316876	0.555814306557321
0.845000000000000	3.96149117178231	1.94535011536204	1.29690004863375	0.972675036475312	0.778140029180251	0.648450024316876	0.555814306557321
0.850000000000000	3.95959272746709	1.94535011062930	1.29690004863375	0.972675036475312	0.778140029180251	0.648450024316876	0.555814306557321
0.855000000000000	3.95774519484262	1.94535010642470	1.29690004863375	0.972675036475312	0.778140029180251	0.648450024316876	0.555814306557321
0.860000000000000	3.95594720858034	1.94535010268929	1.29690004863375	0.972675036475312	0.778140029180251	0.648450024316876	0.555814306557321
0.865000000000000	3.95419743996650	1.94535009937072	1.29690004863375	0.972675036475312	0.778140029180251	0.648450024316876	0.555814306557321
0.870000000000000	3.95249459592024	1.94535009642247	1.29690004863375	0.972675036475312	0.778140029180251	0.648450024316876	0.555814306557321
0.875000000000000	3.95083741803800	1.94535009380322	1.29690004863375	0.972675036475312	0.778140029180251	0.648450024316876	0.555814306557321
0.880000000000000	3.94922468166358	1.94535009147626	1.29690004863375	0.972675036475312	0.778140029180251	0.648450024316876	0.555814306557321
0.885000000000000	3.94765519498308	1.94535008940896	1.29690004863375	0.972675036475312	0.778140029180251	0.648450024316876	0.555814306557321
0.890000000000000	3.94612779814419	1.94535008757236	1.29690004863375	0.972675036475312	0.778140029180251	0.648450024316876	0.555814306557321
0.895000000000000	3.94464136239901	1.94535008594070	1.29690004863375	0.972675036475312	0.778140029180251	0.648450024316876	0.555814306557321
0.900000000000000	3.94319478926998	1.94535008449113	1.29690004863375	0.972675036475312	0.778140029180251	0.648450024316876	0.555814306557321
0.905000000000000	3.94178700973800	1.94535008320331	1.29690004863375	0.972675036475312	0.778140029180251	0.648450024316876	0.555814306557321
0.910000000000000	3.94041698345251	1.94535008205920	1.29690004863375	0.972675036475312	0.778140029180251	0.648450024316876	0.555814306557321
0.915000000000000	3.93908369796264	1.94535008104277	1.29690004863375	0.972675036475312	0.778140029180251	0.648450024316876	0.555814306557321
0.920000000000000	3.93778616796900	1.94535008013976	1.29690004863375	0.972675036475312	0.778140029180251	0.648450024316876	0.555814306557321
0.925000000000000	3.93652343459555	1.94535007933751	1.29690004863375	0.972675036475312	0.778140029180251	0.648450024316876	0.555814306557321
0.930000000000000	3.93529456468098	1.94535007862479	1.29690004863375	0.972675036475312	0.778140029180251	0.648450024316876	0.555814306557321
0.935000000000000	3.93409865008913	1.94535007799161	1.29690004863375	0.972675036475312	0.778140029180251	0.648450024316876	0.555814306557321
0.940000000000000	3.93293480703785	1.94535007742908	1.29690004863375	0.972675036475312	0.778140029180251	0.648450024316876	0.555814306557321
0.945000000000000	3.93180217544589	1.94535007692932	1.29690004863375	0.972675036475312	0.778140029180251	0.648450024316876	0.555814306557321
0.950000000000000	3.93069991829730	1.94535007648534	1.29690004863375	0.972675036475312	0.778140029180251	0.648450024316876	0.555814306557321
0.955000000000000	3.92962722102289	1.94535007609089	1.29690004863375	0.972675036475312	0.778140029180251	0.648450024316876	0.555814306557321
0.960000000000000	3.92858329089823	1.94535007574047	1.29690004863375	0.972675036475312	0.778140029180251	0.648450024316876	0.555814306557321
0.965000000000000	3.92756735645785	1.94535007542915	1.29690004863375	0.972675036475312	0.778140029180251	0.648450024316876	0.555814306557321
0.970000000000000	3.92657866692512	1.94535007515257	1.29690004863375	0.972675036475312	0.778140029180251	0.648450024316876	0.555814306557321
0.975000000000000	3.92561649165744	1.94535007490685	1.29690004863375	0.972675036475312	0.778140029180251	0.648450024316876	0.555814306557321
0.980000000000000	3.92468011960626	1.94535007468855	1.29690004863375	0.972675036475312	0.778140029180251	0.648450024316876	0.555814306557321
0.985000000000000	3.92376885879165	1.94535007449462	1.29690004863375	0.972675036475312	0.778140029180251	0.648450024316876	0.555814306557321
0.990000000000000	3.92288203579089	1.94535007432232	1.29690004863375	0.972675036475312	0.778140029180251	0.648450024316876	0.555814306557321
0.995000000000000	3.92201899524085	1.94535007416925	1.29690004863375	0.972675036475312	0.778140029180251	0.648450024316876	0.555814306557321
1	3.92117909935365	1.94535007403326	1.29690004863375	0.972675036475312	0.778140029180251	0.648450024316876	0.555814306557321
1.00500000000000	3.92036172744534	1.94535007391245	1.29690004863375	0.972675036475312	0.778140029180251	0.648450024316876	0.555814306557321
1.01000000000000	3.91956627547721	1.94535007380512	1.29690004863375	0.972675036475312	0.778140029180251	0.648450024316876	0.555814306557321
1.01500000000000	3.91879215560942	1.94535007370977	1.29690004863375	0.972675036475312	0.778140029180251	0.648450024316876	0.555814306557321
1.02000000000000	3.91803879576656	1.94535007362505	1.29690004863375	0.972675036475312	0.778140029180251	0.648450024316876	0.555814306557321
1.02500000000000	3.91730563921491	1.94535007354979	1.29690004863375	0.972675036475312	0.778140029180251	0.648450024316876	0.555814306557321
1.03000000000000	3.91659214415100	1.94535007348293	1.29690004863375	0.972675036475312	0.778140029180251	0.648450024316876	0.555814306557321
1.03500000000000	3.91589778330123	1.94535007342353	1.29690004863375	0.972675036475312	0.778140029180251	0.648450024316876	0.555814306557321
1.04000000000000	3.91522204353219	1.94535007337076	1.29690004863375	0.972675036475312	0.778140029180251	0.648450024316876	0.555814306557321
1.04500000000000	3.91456442547147	1.94535007332388	1.29690004863375	0.972675036475312	0.778140029180251	0.648450024316876	0.555814306557321
1.05000000000000	3.91392444313864	1.94535007328223	1.29690004863375	0.972675036475312	0.778140029180251	0.648450024316876	0.555814306557321
1.05500000000000	3.91330162358606	1.94535007324522	1.29690004863375	0.972675036475312	0.778140029180251	0.648450024316876	0.555814306557321
1.06000000000000	3.91269550654944	1.94535007321235	1.29690004863375	0.972675036475312	0.778140029180251	0.648450024316876	0.555814306557321
1.06500000000000	3.91210564410764	1.94535007318314	1.29690004863375	0.972675036475312	0.778140029180251	0.648450024316876	0.555814306557321
1.07000000000000	3.91153160035169	1.94535007315720	1.29690004863375	0.972675036475312	0.778140029180251	0.648450024316876	0.555814306557321
1.07500000000000	3.91097295106264	1.94535007313414	1.29690004863375	0.972675036475312	0.778140029180251	0.648450024316876	0.555814306557321
1.08000000000000	3.91042928339809	1.94535007311367	1.29690004863375	0.972675036475312	0.778140029180251	0.648450024316876	0.555814306557321
1.08500000000000	3.90990019558704	1.94535007309547	1.29690004863375	0.972675036475312	0.778140029180251	0.648450024316876	0.555814306557321
1.09000000000000	3.90938529663305	1.94535007307931	1.29690004863375	0.972675036475312	0.778140029180251	0.648450024316876	0.555814306557321
1.09500000000000	3.90888420602524	1.94535007306495	1.29690004863375	0.972675036475312	0.778140029180251	0.648450024316876	0.555814306557321
1.10000000000000	3.90839655345713	1.94535007305219	1.29690004863375	0.972675036475312	0.778140029180251	0.648450024316876	0.555814306557321
1.10500000000000	3.90792197855295	1.94535007304086	1.29690004863375	0.972675036475312	0.778140029180251	0.648450024316876	0.555814306557321
1.11000000000000	3.90746013060134	1.94535007303079	1.29690004863375	0.972675036475312	0.778140029180251	0.648450024316876	0.555814306557321
1.11500000000000	3.90701066829618	1.94535007302184	1.29690004863375	0.972675036475312	0.778140029180251	0.648450024316876	0.555814306557321
1.12000000000000	3.90657325948435	1.94535007301390	1.29690004863375	0.972675036475312	0.778140029180251	0.648450024316876	0.555814306557321
1.12500000000000	3.90614758092027	1.94535007300684	1.29690004863375	0.972675036475312	0.778140029180251	0.648450024316876	0.555814306557321
1.13000000000000	3.90573331802704	1.94535007300056	1.29690004863375	0.972675036475312	0.778140029180251	0.648450024316876	0.555814306557321
1.13500000000000	3.90533016466393	1.94535007299499	1.29690004863375	0.972675036475312	0.778140029180251	0.648450024316876	0.555814306557321
1.14000000000000	3.90493782290018	1.94535007299004	1.29690004863375	0.972675036475312	0.778140029180251	0.648450024316876	0.555814306557321
1.14500000000000	3.90455600279482	1.94535007298564	1.29690004863375	0.972675036475312	0.778140029180251	0.648450024316876	0.555814306557321
1.15000000000000	3.90418442218238	1.94535007298173	1.29690004863375	0.972675036475312	0.778140029180251	0.648450024316876	0.555814306557321
1.15500000000000	3.90382280646439	1.94535007297826	1.29690004863375	0.972675036475312	0.778140029180251	0.648450024316876	0.555814306557321
1.16000000000000	3.90347088840647	1.94535007297518	1.29690004863375	0.972675036475312	0.778140029180251	0.648450024316876	0.555814306557321
1.16500000000000	3.90312840794078	1.94535007297244	1.29690004863375	0.972675036475312	0.778140029180251	0.648450024316876	0.555814306557321
1.17000000000000	3.90279511197390	1.94535007297001	1.29690004863375	0.972675036475312	0.778140029180251	0.648450024316876	0.555814306557321
1.17500000000000	3.90247075419977	1.94535007296784	1.29690004863375	0.972675036475312	0.778140029180251	0.648450024316876	0.555814306557321
1.18000000000000	3.90215509491764	1.94535007296592	1.29690004863375	0.972675036475312	0.778140029180251	0.648450024316876	0.555814306557321
1.18500000000000	3.90184790085496	1.94535007296422	1.29690004863375	0.972675036475312	0.778140029180251	0.648450024316876	0.555814306557321
1.19000000000000	3.90154894499501	1.94535007296270	1.29690004863375	0.972675036475312	0.778140029180251	0.648450024316876	0.555814306557321
1.19500000000000	3.90125800640907	1.94535007296135	1.29690004863375	0.972675036475312	0.778140029180251	0.648450024316876	0.555814306557321
1.20000000000000	3.90097487009324	1.94535007296016	1.29690004863375	0.972675036475312	0.778140029180251	0.648450024316876	0.555814306557321
1.20500000000000	3.90069932680947	1.94535007295909	1.29690004863375	0.972675036475312	0.778140029180251	0.648450024316876	0.555814306557321
1.21000000000000	3.90043117293098	1.94535007295815	1.29690004863375	0.972675036475312	0.778140029180251	0.648450024316876	0.555814306557321
1.21500000000000	3.90017021029178	1.94535007295731	1.29690004863375	0.972675036475312	0.778140029180251	0.648450024316876	0.555814306557321
1.22000000000000	3.89991624604019	1.94535007295656	1.29690004863375	0.972675036475312	0.778140029180251	0.648450024316876	0.555814306557321
1.22500000000000	3.89966909249637	1.94535007295590	1.29690004863375	0.972675036475312	0.778140029180251	0.648450024316876	0.555814306557321
1.23000000000000	3.89942856701358	1.94535007295531	1.29690004863375	0.972675036475312	0.778140029180251	0.648450024316876	0.555814306557321
1.23500000000000	3.89919449184324	1.94535007295479	1.29690004863375	0.972675036475312	0.778140029180251	0.648450024316876	0.555814306557321
1.24000000000000	3.89896669400355	1.94535007295433	1.29690004863375	0.972675036475312	0.778140029180251	0.648450024316876	0.555814306557321
1.24500000000000	3.89874500515167	1.94535007295391	1.29690004863375	0.972675036475312	0.778140029180251	0.648450024316876	0.555814306557321
1.25000000000000	3.89852926145929	1.94535007295355	1.29690004863375	0.972675036475312	0.778140029180251	0.648450024316876	0.555814306557321
1.25500000000000	3.89831930349161	1.94535007295322	1.29690004863375	0.972675036475312	0.778140029180251	0.648450024316876	0.555814306557321
1.26000000000000	3.89811497608945	1.94535007295293	1.29690004863375	0.972675036475312	0.778140029180251	0.648450024316876	0.555814306557321
1.26500000000000	3.89791612825466	1.94535007295267	1.29690004863375	0.972675036475312	0.778140029180251	0.648450024316876	0.555814306557321
1.27000000000000	3.89772261303847	1.94535007295244	1.29690004863375	0.972675036475312	0.778140029180251	0.648450024316876	0.555814306557321
1.27500000000000	3.89753428743294	1.94535007295224	1.29690004863375	0.972675036475312	0.778140029180251	0.648450024316876	0.555814306557321
1.28000000000000	3.89735101226523	1.94535007295206	1.29690004863375	0.972675036475312	0.778140029180251	0.648450024316876	0.555814306557321
1.28500000000000	3.89717265209482	1.94535007295190	1.29690004863375	0.972675036475312	0.778140029180251	0.648450024316876	0.555814306557321
1.29000000000000	3.89699907511333	1.94535007295176	1.29690004863375	0.972675036475312	0.778140029180251	0.648450024316876	0.555814306557321
1.29500000000000	3.89683015304721	1.94535007295163	1.29690004863375	0.972675036475312	0.778140029180251	0.648450024316876	0.555814306557321
1.30000000000000	3.89666576106287	1.94535007295152	1.29690004863375	0.972675036475312	0.778140029180251	0.648450024316876	0.555814306557321
1.30500000000000	3.89650577767444	1.94535007295142	1.29690004863375	0.972675036475312	0.778140029180251	0.648450024316876	0.555814306557321
1.31000000000000	3.89635008465405	1.94535007295133	1.29690004863375	0.972675036475312	0.778140029180251	0.648450024316876	0.555814306557321
1.31500000000000	3.89619856694438	1.94535007295125	1.29690004863375	0.972675036475312	0.778140029180251	0.648450024316876	0.555814306557321
1.32000000000000	3.89605111257369	1.94535007295118	1.29690004863375	0.972675036475312	0.778140029180251	0.648450024316876	0.555814306557321
1.32500000000000	3.89590761257303	1.94535007295112	1.29690004863375	0.972675036475312	0.778140029180251	0.648450024316876	0.555814306557321
1.33000000000000	3.89576796089577	1.94535007295107	1.29690004863375	0.972675036475312	0.778140029180251	0.648450024316876	0.555814306557321
1.33500000000000	3.89563205433915	1.94535007295102	1.29690004863375	0.972675036475312	0.778140029180251	0.648450024316876	0.555814306557321
1.34000000000000	3.89549979246809	1.94535007295097	1.29690004863375	0.972675036475312	0.778140029180251	0.648450024316876	0.555814306557321
1.34500000000000	3.89537107754093	1.94535007295094	1.29690004863375	0.972675036475312	0.778140029180251	0.648450024316876	0.555814306557321
1.35000000000000	3.89524581443720	1.94535007295090	1.29690004863375	0.972675036475312	0.778140029180251	0.648450024316876	0.555814306557321
1.35500000000000	3.89512391058733	1.94535007295087	1.29690004863375	0.972675036475312	0.778140029180251	0.648450024316876	0.555814306557321
1.36000000000000	3.89500527590426	1.94535007295084	1.29690004863375	0.972675036475312	0.778140029180251	0.648450024316876	0.555814306557321
1.36500000000000	3.89488982271681	1.94535007295082	1.29690004863375	0.972675036475312	0.778140029180251	0.648450024316876	0.555814306557321
1.37000000000000	3.89477746570497	1.94535007295080	1.29690004863375	0.972675036475312	0.778140029180251	0.648450024316876	0.555814306557321
1.37500000000000	3.89466812183678	1.94535007295078	1.29690004863375	0.972675036475312	0.778140029180251	0.648450024316876	0.555814306557321
1.38000000000000	3.89456171030702	1.94535007295076	1.29690004863375	0.972675036475312	0.778140029180251	0.648450024316876	0.555814306557321
1.38500000000000	3.89445815247744	1.94535007295075	1.29690004863375	0.972675036475312	0.778140029180251	0.648450024316876	0.555814306557321
1.39000000000000	3.89435737181870	1.94535007295073	1.29690004863375	0.972675036475312	0.778140029180251	0.648450024316876	0.555814306557321
1.39500000000000	3.89425929385378	1.94535007295072	1.29690004863375	0.972675036475312	0.778140029180251	0.648450024316876	0.555814306557321
1.40000000000000	3.89416384610298	1.94535007295071	1.29690004863375	0.972675036475312	0.778140029180251	0.648450024316876	0.555814306557321
1.40500000000000	3.89407095803029	1.94535007295070	1.29690004863375	0.972675036475312	0.778140029180251	0.648450024316876	0.555814306557321
1.41000000000000	3.89398056099134	1.94535007295069	1.29690004863375	0.972675036475312	0.778140029180251	0.648450024316876	0.555814306557321
1.41500000000000	3.89389258818261	1.94535007295069	1.29690004863375	0.972675036475312	0.778140029180251	0.648450024316876	0.555814306557321
1.42000000000000	3.89380697459212	1.94535007295068	1.29690004863375	0.972675036475312	0.778140029180251	0.648450024316876	0.555814306557321
1.42500000000000	3.89372365695131	1.94535007295067	1.29690004863375	0.972675036475312	0.778140029180251	0.648450024316876	0.555814306557321
1.43000000000000	3.89364257368838	1.94535007295067	1.29690004863375	0.972675036475312	0.778140029180251	0.648450024316876	0.555814306557321
1.43500000000000	3.89356366488269	1.94535007295066	1.29690004863375	0.972675036475312	0.778140029180251	0.648450024316876	0.555814306557321
1.44000000000000	3.89348687222057	1.94535007295066	1.29690004863375	0.972675036475312	0.778140029180251	0.648450024316876	0.555814306557321
1.44500000000000	3.89341213895215	1.94535007295066	1.29690004863375	0.972675036475312	0.778140029180251	0.648450024316876	0.555814306557321
1.45000000000000	3.89333940984946	1.94535007295065	1.29690004863375	0.972675036475312	0.778140029180251	0.648450024316876	0.555814306557321
1.45500000000000	3.89326863116563	1.94535007295065	1.29690004863375	0.972675036475312	0.778140029180251	0.648450024316876	0.555814306557321
1.46000000000000	3.89319975059513	1.94535007295065	1.29690004863375	0.972675036475312	0.778140029180251	0.648450024316876	0.555814306557321
1.46500000000000	3.89313271723515	1.94535007295065	1.29690004863375	0.972675036475312	0.778140029180251	0.648450024316876	0.555814306557321
1.47000000000000	3.89306748154796	1.94535007295065	1.29690004863375	0.972675036475312	0.778140029180251	0.648450024316876	0.555814306557321
1.47500000000000	3.89300399532432	1.94535007295064	1.29690004863375	0.972675036475312	0.778140029180251	0.648450024316876	0.555814306557321
1.48000000000000	3.89294221164785	1.94535007295064	1.29690004863375	0.972675036475312	0.778140029180251	0.648450024316876	0.555814306557321
1.48500000000000	3.89288208486033	1.94535007295064	1.29690004863375	0.972675036475312	0.778140029180251	0.648450024316876	0.555814306557321
1.49000000000000	3.89282357052802	1.94535007295064	1.29690004863375	0.972675036475312	0.778140029180251	0.648450024316876	0.555814306557321
1.49500000000000	3.89276662540876	1.94535007295064	1.29690004863375	0.972675036475312	0.778140029180251	0.648450024316876	0.555814306557321
1.50000000000000	3.89271120742004	1.94535007295064	1.29690004863375	0.972675036475312	0.778140029180251	0.648450024316876	0.555814306557321
1.50500000000000	3.89265727560792	1.94535007295064	1.29690004863375	0.972675036475312	0.778140029180251	0.648450024316876	0.555814306557321
1.51000000000000	3.89260479011672	1.94535007295063	1.29690004863375	0.972675036475312	0.778140029180251	0.648450024316876	0.555814306557321
1.51500000000000	3.89255371215962	1.94535007295063	1.29690004863375	0.972675036475312	0.778140029180251	0.648450024316876	0.555814306557321
1.52000000000000	3.89250400398994	1.94535007295063	1.29690004863375	0.972675036475312	0.778140029180251	0.648450024316876	0.555814306557321
1.52500000000000	3.89245562887330	1.94535007295063	1.29690004863375	0.972675036475312	0.778140029180251	0.648450024316876	0.555814306557321
1.53000000000000	3.89240855106044	1.94535007295063	1.29690004863375	0.972675036475312	0.778140029180251	0.648450024316876	0.555814306557321
1.53500000000000	3.89236273576080	1.94535007295063	1.29690004863375	0.972675036475312	0.778140029180251	0.648450024316876	0.555814306557321
1.54000000000000	3.89231814911683	1.94535007295063	1.29690004863375	0.972675036475312	0.778140029180251	0.648450024316876	0.555814306557321
1.54500000000000	3.89227475817895	1.94535007295063	1.29690004863375	0.972675036475312	0.778140029180251	0.648450024316876	0.555814306557321
1.55000000000000	3.89223253088120	1.94535007295063	1.29690004863375	0.972675036475312	0.778140029180251	0.648450024316876	0.555814306557321
1.55500000000000	3.89219143601759	1.94535007295063	1.29690004863375	0.972675036475312	0.778140029180251	0.648450024316876	0.555814306557321
1.56000000000000	3.89215144321895	1.94535007295063	1.29690004863375	0.972675036475312	0.778140029180251	0.648450024316876	0.555814306557321
1.56500000000000	3.89211252293056	1.94535007295063	1.29690004863375	0.972675036475312	0.778140029180251	0.648450024316876	0.555814306557321
1.57000000000000	3.89207464639029	1.94535007295063	1.29690004863375	0.972675036475312	0.778140029180251	0.648450024316876	0.555814306557321
1.57500000000000	3.89203778560734	1.94535007295063	1.29690004863375	0.972675036475312	0.778140029180251	0.648450024316876	0.555814306557321
1.58000000000000	3.89200191334156	1.94535007295063	1.29690004863375	0.972675036475312	0.778140029180251	0.648450024316876	0.555814306557321
1.58500000000000	3.89196700308329	1.94535007295063	1.29690004863375	0.972675036475312	0.778140029180251	0.648450024316876	0.555814306557321
1.59000000000000	3.89193302903381	1.94535007295063	1.29690004863375	0.972675036475312	0.778140029180251	0.648450024316876	0.555814306557321
1.59500000000000	3.89189996608628	1.94535007295063	1.29690004863375	0.972675036475312	0.778140029180251	0.648450024316876	0.555814306557321
1.60000000000000	3.89186778980714	1.94535007295063	1.29690004863375	0.972675036475312	0.778140029180251	0.648450024316876	0.555814306557321
1.60500000000000	3.89183647641808	1.94535007295063	1.29690004863375	0.972675036475312	0.778140029180251	0.648450024316876	0.555814306557321
1.61000000000000	3.89180600277848	1.94535007295063	1.29690004863375	0.972675036475312	0.778140029180251	0.648450024316876	0.555814306557321
1.61500000000000	3.89177634636828	1.94535007295063	1.29690004863375	0.972675036475312	0.778140029180251	0.648450024316876	0.555814306557321
1.62000000000000	3.89174748527136	1.94535007295063	1.29690004863375	0.972675036475312	0.778140029180251	0.648450024316876	0.555814306557321
1.62500000000000	3.89171939815935	1.94535007295063	1.29690004863375	0.972675036475312	0.778140029180251	0.648450024316876	0.555814306557321
1.63000000000000	3.89169206427584	1.94535007295063	1.29690004863375	0.972675036475312	0.778140029180251	0.648450024316876	0.555814306557321
1.63500000000000	3.89166546342106	1.94535007295063	1.29690004863375	0.972675036475312	0.778140029180251	0.648450024316876	0.555814306557321
1.64000000000000	3.89163957593694	1.94535007295063	1.29690004863375	0.972675036475312	0.778140029180251	0.648450024316876	0.555814306557321
1.64500000000000	3.89161438269262	1.94535007295063	1.29690004863375	0.972675036475312	0.778140029180251	0.648450024316876	0.555814306557321
1.65000000000000	3.89158986507026	1.94535007295063	1.29690004863375	0.972675036475312	0.778140029180251	0.648450024316876	0.555814306557321
1.65500000000000	3.89156600495130	1.94535007295063	1.29690004863375	0.972675036475312	0.778140029180251	0.648450024316876	0.555814306557321
1.66000000000000	3.89154278470310	1.94535007295063	1.29690004863375	0.972675036475312	0.778140029180251	0.648450024316876	0.555814306557321
1.66500000000000	3.89152018716587	1.94535007295063	1.29690004863375	0.972675036475312	0.778140029180251	0.648450024316876	0.555814306557321
1.67000000000000	3.89149819564000	1.94535007295063	1.29690004863375	0.972675036475312	0.778140029180251	0.648450024316876	0.555814306557321
1.67500000000000	3.89147679387373	1.94535007295063	1.29690004863375	0.972675036475312	0.778140029180251	0.648450024316876	0.555814306557321
1.68000000000000	3.89145596605114	1.94535007295063	1.29690004863375	0.972675036475312	0.778140029180251	0.648450024316876	0.555814306557321
1.68500000000000	3.89143569678043	1.94535007295063	1.29690004863375	0.972675036475312	0.778140029180251	0.648450024316876	0.555814306557321
1.69000000000000	3.89141597108261	1.94535007295063	1.29690004863375	0.972675036475312	0.778140029180251	0.648450024316876	0.555814306557321
1.69500000000000	3.89139677438036	1.94535007295063	1.29690004863375	0.972675036475312	0.778140029180251	0.648450024316876	0.555814306557321
1.70000000000000	3.89137809248728	1.94535007295063	1.29690004863375	0.972675036475312	0.778140029180251	0.648450024316876	0.555814306557321
1.70500000000000	3.89135991159746	1.94535007295063	1.29690004863375	0.972675036475312	0.778140029180251	0.648450024316876	0.555814306557321
1.71000000000000	3.89134221827518	1.94535007295063	1.29690004863375	0.972675036475312	0.778140029180251	0.648450024316876	0.555814306557321
1.71500000000000	3.89132499944506	1.94535007295063	1.29690004863375	0.972675036475312	0.778140029180251	0.648450024316876	0.555814306557321
1.72000000000000	3.89130824238238	1.94535007295063	1.29690004863375	0.972675036475312	0.778140029180251	0.648450024316876	0.555814306557321
1.72500000000000	3.89129193470364	1.94535007295063	1.29690004863375	0.972675036475312	0.778140029180251	0.648450024316876	0.555814306557321
1.73000000000000	3.89127606435745	1.94535007295063	1.29690004863375	0.972675036475312	0.778140029180251	0.648450024316876	0.555814306557321
1.73500000000000	3.89126061961561	1.94535007295063	1.29690004863375	0.972675036475312	0.778140029180251	0.648450024316876	0.555814306557321
1.74000000000000	3.89124558906444	1.94535007295063	1.29690004863375	0.972675036475312	0.778140029180251	0.648450024316876	0.555814306557321
1.74500000000000	3.89123096159635	1.94535007295063	1.29690004863375	0.972675036475312	0.778140029180251	0.648450024316876	0.555814306557321
1.75000000000000	3.89121672640162	1.94535007295063	1.29690004863375	0.972675036475312	0.778140029180251	0.648450024316876	0.555814306557321
1.75500000000000	3.89120287296042	1.94535007295063	1.29690004863375	0.972675036475312	0.778140029180251	0.648450024316876	0.555814306557321
1.76000000000000	3.89118939103505	1.94535007295063	1.29690004863375	0.972675036475312	0.778140029180251	0.648450024316876	0.555814306557321
1.76500000000000	3.89117627066236	1.94535007295063	1.29690004863375	0.972675036475312	0.778140029180251	0.648450024316876	0.555814306557321
1.77000000000000	3.89116350214637	1.94535007295063	1.29690004863375	0.972675036475312	0.778140029180251	0.648450024316876	0.555814306557321
1.77500000000000	3.89115107605113	1.94535007295063	1.29690004863375	0.972675036475312	0.778140029180251	0.648450024316876	0.555814306557321
1.78000000000000	3.89113898319375	1.94535007295063	1.29690004863375	0.972675036475312	0.778140029180251	0.648450024316876	0.555814306557321
1.78500000000000	3.89112721463760	1.94535007295063	1.29690004863375	0.972675036475312	0.778140029180251	0.648450024316876	0.555814306557321
1.79000000000000	3.89111576168569	1.94535007295063	1.29690004863375	0.972675036475312	0.778140029180251	0.648450024316876	0.555814306557321
1.79500000000000	3.89110461587429	1.94535007295063	1.29690004863375	0.972675036475312	0.778140029180251	0.648450024316876	0.555814306557321
1.80000000000000	3.89109376896663	1.94535007295063	1.29690004863375	0.972675036475312	0.778140029180251	0.648450024316876	0.555814306557321
1.80500000000000	3.89108321294683	1.94535007295063	1.29690004863375	0.972675036475312	0.778140029180251	0.648450024316876	0.555814306557321
1.81000000000000	3.89107294001399	1.94535007295063	1.29690004863375	0.972675036475312	0.778140029180251	0.648450024316876	0.555814306557321
1.81500000000000	3.89106294257638	1.94535007295063	1.29690004863375	0.972675036475312	0.778140029180251	0.648450024316876	0.555814306557321
1.82000000000000	3.89105321324591	1.94535007295063	1.29690004863375	0.972675036475312	0.778140029180251	0.648450024316876	0.555814306557321
1.82500000000000	3.89104374483257	1.94535007295063	1.29690004863375	0.972675036475312	0.778140029180251	0.648450024316876	0.555814306557321
1.83000000000000	3.89103453033921	1.94535007295063	1.29690004863375	0.972675036475312	0.778140029180251	0.648450024316876	0.555814306557321
1.83500000000000	3.89102556295631	1.94535007295063	1.29690004863375	0.972675036475312	0.778140029180251	0.648450024316876	0.555814306557321
1.84000000000000	3.89101683605695	1.94535007295063	1.29690004863375	0.972675036475312	0.778140029180251	0.648450024316876	0.555814306557321
1.84500000000000	3.89100834319196	1.94535007295063	1.29690004863375	0.972675036475312	0.778140029180251	0.648450024316876	0.555814306557321
1.85000000000000	3.89100007808508	1.94535007295063	1.29690004863375	0.972675036475312	0.778140029180251	0.648450024316876	0.555814306557321
1.85500000000000	3.89099203462841	1.94535007295063	1.29690004863375	0.972675036475312	0.778140029180251	0.648450024316876	0.555814306557321
1.86000000000000	3.89098420687782	1.94535007295063	1.29690004863375	0.972675036475312	0.778140029180251	0.648450024316876	0.555814306557321
1.86500000000000	3.89097658904859	1.94535007295063	1.29690004863375	0.972675036475312	0.778140029180251	0.648450024316876	0.555814306557321
1.87000000000000	3.89096917551114	1.94535007295063	1.29690004863375	0.972675036475312	0.778140029180251	0.648450024316876	0.555814306557321
1.87500000000000	3.89096196078686	1.94535007295063	1.29690004863375	0.972675036475312	0.778140029180251	0.648450024316876	0.555814306557321
1.88000000000000	3.89095493954405	1.94535007295063	1.29690004863375	0.972675036475312	0.778140029180251	0.648450024316876	0.555814306557321
1.88500000000000	3.89094810659402	1.94535007295063	1.29690004863375	0.972675036475312	0.778140029180251	0.648450024316876	0.555814306557321
1.89000000000000	3.89094145688720	1.94535007295063	1.29690004863375	0.972675036475312	0.778140029180251	0.648450024316876	0.555814306557321
1.89500000000000	3.89093498550945	1.94535007295063	1.29690004863375	0.972675036475312	0.778140029180251	0.648450024316876	0.555814306557321
1.90000000000000	3.89092868767843	1.94535007295063	1.29690004863375	0.972675036475312	0.778140029180251	0.648450024316876	0.555814306557321
1.90500000000000	3.89092255874001	1.94535007295063	1.29690004863375	0.972675036475312	0.778140029180251	0.648450024316876	0.555814306557321
1.91000000000000	3.89091659416493	1.94535007295063	1.29690004863375	0.972675036475312	0.778140029180251	0.648450024316876	0.555814306557321
1.91500000000000	3.89091078954534	1.94535007295063	1.29690004863375	0.972675036475312	0.778140029180251	0.648450024316876	0.555814306557321
1.92000000000000	3.89090514059162	1.94535007295063	1.29690004863375	0.972675036475312	0.778140029180251	0.648450024316876	0.555814306557321
1.92500000000000	3.89089964312920	1.94535007295063	1.29690004863375	0.972675036475312	0.778140029180251	0.648450024316876	0.555814306557321
1.93000000000000	3.89089429309544	1.94535007295063	1.29690004863375	0.972675036475312	0.778140029180251	0.648450024316876	0.555814306557321
1.93500000000000	3.89088908653667	1.94535007295063	1.29690004863375	0.972675036475312	0.778140029180251	0.648450024316876	0.555814306557321
1.94000000000000	3.89088401960522	1.94535007295063	1.29690004863375	0.972675036475312	0.778140029180251	0.648450024316876	0.555814306557321
1.94500000000000	3.89087908855663	1.94535007295063	1.29690004863375	0.972675036475312	0.778140029180251	0.648450024316876	0.555814306557321
1.95000000000000	3.89087428974686	1.94535007295063	1.29690004863375	0.972675036475312	0.778140029180251	0.648450024316876	0.555814306557321
1.95500000000000	3.89086961962957	1.94535007295063	1.29690004863375	0.972675036475312	0.778140029180251	0.648450024316876	0.555814306557321
1.96000000000000	3.89086507475355	1.94535007295063	1.29690004863375	0.972675036475312	0.778140029180251	0.648450024316876	0.555814306557321
1.96500000000000	3.89086065176013	1.94535007295063	1.29690004863375	0.972675036475312	0.778140029180251	0.648450024316876	0.555814306557321
1.97000000000000	3.89085634738070	1.94535007295063	1.29690004863375	0.972675036475312	0.778140029180251	0.648450024316876	0.555814306557321
1.97500000000000	3.89085215843433	1.94535007295063	1.29690004863375	0.972675036475312	0.778140029180251	0.648450024316876	0.555814306557321
1.98000000000000	3.89084808182539	1.94535007295063	1.29690004863375	0.972675036475312	0.778140029180251	0.648450024316876	0.555814306557321
1.98500000000000	3.89084411454125	1.94535007295063	1.29690004863375	0.972675036475312	0.778140029180251	0.648450024316876	0.555814306557321
1.99000000000000	3.89084025365009	1.94535007295063	1.29690004863375	0.972675036475312	0.778140029180251	0.648450024316876	0.555814306557321
1.99500000000000	3.89083649629870	1.94535007295063	1.29690004863375	0.972675036475312	0.778140029180251	0.648450024316876	0.555814306557321
2	3.89083283971040	1.94535007295063	1.29690004863375	0.972675036475312	0.778140029180251	0.648450024316876	0.555814306557321
