t i_5 i_10 i_15 i_20 i_25 i_30 i_35
0	0	0	0	0	0	0	0
0.00500000000000000	0.00535537606263332	0.0188161861660089	0.0352010673779830	0.0506326464103514	0.0635217963633514	0.0737151763915409	0.0816118313851058
0.0100000000000000	0.0276178188952821	0.0965796739064118	0.179641774192724	0.256987409664954	0.320932914373507	0.371080675674843	0.409672244983391
0.0150000000000000	0.0724233634421758	0.251016198702611	0.461835379130404	0.653897270720291	0.809565756997934	0.929656231287775	1.02087544068988
0.0200000000000000	0.137985063343440	0.472834957854175	0.857929310812778	1.19883430178651	1.46795403305353	1.67103339472114	1.82258488206864
0.0250000000000000	0.220011300414753	0.743559219532792	1.32656050783583	1.82438226660322	2.20435761967430	2.48298764079785	2.68613500676645
0.0300000000000000	0.313927131383285	1.04394235534174	1.82613821826782	2.46529985768727	2.93306004766413	3.26373415709627	3.49762288135457
0.0350000000000000	0.415750271252632	1.35745521151558	2.32231132105270	3.07042866085253	3.59033084876891	3.94118959221358	4.17970786784543
0.0400000000000000	0.522330746626382	1.67131243742219	2.79018800761717	3.60598341984276	4.13828022792435	4.47687690047101	4.69522165656850
0.0450000000000000	0.631315762747244	1.97636330337798	3.21395046603855	4.05433151786844	4.56218940126203	4.86145019721626	5.04081796706282
0.0500000000000000	0.741016692147911	2.26653522623973	3.58535278711828	4.41077270388848	4.86496892797944	5.10663409448166	5.23651382087755
0.0550000000000000	0.850259265571300	2.53816909931119	3.90190529049712	4.67978573112339	5.06099512841518	5.23662486393586	5.31490544536759
0.0600000000000000	0.958249919964240	2.78939907927975	4.16514848463981	4.87153366425055	5.17057920505299	5.28066421023815	5.31217029629155
0.0650000000000000	1.06446825270527	3.01963352572626	4.37919205745011	4.99899406801289	5.21564448742119	5.26753590113797	5.26172672826086
0.0700000000000000	1.16858540379010	3.22914718425395	4.54956955555685	5.07582297415276	5.21675114014357	5.22210078910202	5.19059470530849
0.0750000000000000	1.27040441262907	3.41877429280251	4.68239552654208	5.11491653758138	5.19135312498847	5.16361526612368	5.11802530598385
0.0800000000000000	1.36981777151740	3.58968523369347	4.78378316082949	5.12756267842254	5.15304734284999	5.10540650674598	5.05576340820291
0.0850000000000000	1.46677780443469	3.74322868138862	4.85947133259159	5.12304955671613	5.11153711591553	5.05544298098862	5.00929246570949
0.0900000000000000	1.56127630766640	3.88082323310079	4.91461110904352	5.10859960071863	5.07304790266110	5.01738726927729	4.97950639583084
0.0950000000000000	1.65333072611826	4.00388540175287	4.95366782215098	5.08951421921627	5.04097718022034	4.99180813993804	4.96440007254768
0.100000000000000	1.74297486215222	4.11378372715175	4.98040257046828	5.06943687882307	5.01661506459096	4.97733003381139	4.96052315933099
0.105000000000000	1.83025268541748	4.21181126519207	4.99790485790074	5.05066569102727	4.99982601563058	4.97159134563182	4.96407522046946
0.110000000000000	1.91521424131149	4.29917074689146	5.00865514580344	5.03446804138557	4.98962837092446	4.97195800533359	4.97162037500391
0.115000000000000	1.99791296705539	4.37696827786547	5.01460205464839	5.02136764946248	4.98464458295475	4.97599235719398	4.98046460681331
0.120000000000000	2.07840394482456	4.44621263960018	5.01724373800772	5.01138832170127	4.98342047693781	4.98171018071448	4.98877213515471
0.125000000000000	2.15674277466789	4.50781813255180	5.01770664586919	5.00424871239252	4.98462768127353	4.98767438463159	4.99550620664093
0.130000000000000	2.23298485505237	4.56260953854571	5.01681764306923	4.99950913565946	4.98717144238927	4.99297694658278	5.00027240206267
0.135000000000000	2.30718493012958	4.61132823595252	5.01516741873787	4.99667551067021	4.99022837899562	4.99715556331383	5.00312646435446
0.140000000000000	2.37939681069470	4.65463882336345	5.01316447603351	4.99526752696009	4.99323729855017	5.00008208314788	5.00438959562046
0.145000000000000	2.44967320772832	4.69313583263420	5.01107987268828	4.99485868405514	4.99586262574086	5.00184905735824	5.00449615547216
0.150000000000000	2.51806563855739	4.72735026770556	5.00908341428176	4.99509549285374	4.99794553085870	5.00267064901637	5.00388401020563
0.155000000000000	2.58462437960354	4.75775581176742	5.00727228306245	4.99570222228235	4.99945336419984	5.00280579693938	5.00292732752091
0.160000000000000	2.64939844882286	4.78477461679074	5.00569319360342	4.99647642712677	5.00043403385504	5.00250539236240	5.00190529506053
0.165000000000000	2.71243560690684	4.80878263673222	5.00435916210822	4.99727930402394	5.00097877301826	5.00198125819852	5.00099738758624
0.170000000000000	2.77378237019554	4.83011449630223	5.00326190278688	4.99802381985223	5.00119439922277	5.00139261262235	5.00029548656184
0.175000000000000	2.83348403077151	4.84906790634520	5.00238075392781	4.99866260986506	5.00118461477576	5.00084500731885	4.99982442127637
0.180000000000000	2.89158468083038	4.86590764830445	5.00168890986548	4.99917687972446	5.00103900761867	5.00039699412925	4.99956453916401
0.185000000000000	2.94812723947376	4.88086915648982	5.00115760732497	4.99956696582368	5.00082802941874	5.00007058130102	4.99947211428700
0.190000000000000	3.00315348074551	4.89416172970772	5.00075879445965	4.99984479453916	5.00060219868173	4.99986256846159	4.99949537173897
0.195000000000000	3.05670406216567	4.90597140445934	5.00046670319319	5.00002820713028	5.00039396575225	4.99975487110743	4.99958543682619
0.200000000000000	3.10881855329409	4.91646352118857	5.00025865240845	5.00013695383072	5.00022097583216	4.99972282395513	4.99970255251194
0.205000000000000	3.15953546403311	4.92578501352206	5.00011533146187	5.00019008014800	5.00008979705965	4.99974112428510	4.99981848577890
0.210000000000000	3.20889227249181	4.93406644845816	5.00002074968326	5.00020440564887	4.99999949180525	4.99978753093115	4.99991625583998
0.215000000000000	3.25692545230621	4.94142384327236	4.99996198655125	5.00019381000684	4.99994467173493	4.99984469507808	4.99998827568343
0.220000000000000	3.30367049935569	4.94796028267007	4.99992883742257	5.00016907683237	4.99991787903525	4.99990060610490	5.00003380902437
0.225000000000000	3.34916195784427	4.95376735752868	4.99991341927597	5.00013809107612	4.99991127744644	4.99994813493217	5.00005639388914
0.230000000000000	3.39343344573409	4.95892644448938	4.99990977822187	5.00010623257675	4.99991772452083	4.99998409110445	5.00006163362203
0.235000000000000	3.43651767952938	4.96350984371478	4.99991352399397	5.00007685160532	4.99993134144801	5.00000811285805	5.00005554359729
0.240000000000000	3.47844649841628	4.96758179033652	4.99992150494187	5.00005174932583	4.99994771037523	5.00002160696891	5.00004348444041
0.245000000000000	3.51925088776835	4.97119935348077	4.99993152905417	5.00003161588559	4.99996382209357	5.00002686335745	5.00002961222226
0.250000000000000	3.55896100202982	4.97441323527522	4.99994213132830	5.00001640141119	4.99997787818656	5.00002639658829	5.00001672557303
0.255000000000000	3.59760618699039	4.97726848090218	4.99995238461992	5.00000561122539	4.99998902805852	5.00002251502672	5.00000637702721
0.260000000000000	3.63521500146583	4.97980510955808	4.99996174936145	4.99999852716347	4.99999709738918	5.00001708708492	4.99999912819868
0.265000000000000	3.67181523839934	4.98205867510047	4.99996995678673	4.99999436310648	5.00000234338939	5.00001145911639	4.99999485396986
0.270000000000000	3.70743394539815	4.98406076419798	4.99997692019557	4.99999236587250	5.00000525519587	5.00000647667020	4.99999303069599
0.275000000000000	3.74209744472033	4.98583943893633	4.99998266909040	4.99999187339177	5.00000640522808	5.00000256566853	4.99999297132711
0.280000000000000	3.77583135272598	4.98741963006426	4.99998730153944	4.99999234144267	5.00000634903806	4.99999983893978	4.99999399288968
0.285000000000000	3.80866059880724	4.98882348637774	4.99999095074435	4.99999334876643	5.00000556643642	4.99999820364190	4.99999551765863
0.290000000000000	3.84060944381070	4.99007068513036	4.99999376243396	4.99999458856550	5.00000443464250	4.99999745458503	4.99999711880629
0.295000000000000	3.87170149796604	4.99117870781443	4.99999588031970	4.99999585253350	5.00000322406141	4.99999734626406	4.99999852543879
0.300000000000000	3.90195973833381	4.99216308517411	4.99999743740294	4.99999701185637	5.00000210830935	4.99999764213350	4.99999960219254
0.305000000000000	3.93140652578544	4.99303761488173	4.99999855140706	4.99999799816718	5.00000118171607	4.99999814333458	5.00000031644026
0.310000000000000	3.96006362152790	4.99381455492654	4.99999932301412	4.99999878627092	5.00000047930798	4.99999870101825	5.00000070290131
0.315000000000000	3.98795220318521	4.99450479542506	4.99999983591959	4.99999937957521	4.99999999594306	4.99999921701847	5.00000083199999
0.320000000000000	4.01509288044868	4.99511801126045	5.00000015798684	4.99999979854021	4.99999970267461	4.99999963735341	5.00000078526280
0.325000000000000	4.04150571030753	4.99566279768955	5.00000034299273	5.00000007205278	4.99999955950193	4.99999994225321	5.00000063869574
0.330000000000000	4.06721021187099	4.99614679081819	5.00000043261661	5.00000023139138	4.99999952442210	5.00000013543597	5.00000045351276
0.335000000000000	4.09222538079291	4.99657677463287	5.00000045844584	5.00000030633431	4.99999955916699	5.00000023438855	5.00000027272683
0.340000000000000	4.11656970330963	4.99695877608904	5.00000044385885	5.00000032293738	4.99999963224931	5.00000026258270	5.00000012181706
0.345000000000000	4.14026116990126	4.99729814958857	5.00000040570968	5.00000030253541	4.99999972001447	5.00000024392844	5.00000001177249
0.350000000000000	4.16331728858671	4.99759965203043	5.00000035578081	5.00000026158139	4.99999980635640	5.00000019934327	4.99999994312242
0.355000000000000	4.18575509786211	4.99786750948648	5.00000030199952	5.00000021200967	4.99999988165504	5.00000014507477	4.99999990995964
0.360000000000000	4.20759117929229	4.99810547643688	5.00000024943045	5.00000016188313	4.99999994136598	5.00000009231777	4.99999990335415
0.365000000000000	4.22884166976455	4.99831688839546	5.00000020106688	5.00000011615183	4.99999998456508	5.00000004767021	4.99999991388256
0.370000000000000	4.24952227341385	4.99850470866256	5.00000015844758	5.00000007740765	5.00000001263724	5.00000001403687	4.99999993323969
0.375000000000000	4.26964827322821	4.99867156986067	5.00000012212711	5.00000004656537	5.00000002820729	4.99999999168199	4.99999995504961
0.380000000000000	4.28923454234281	4.99881981083512	5.00000009202624	5.00000002343467	5.00000003434420	4.99999997922889	4.99999997506834
0.385000000000000	4.30829555503127	4.99895150943698	5.00000006768635	5.00000000717192	5.00000003402501	4.99999997449126	4.99999999098615
0.390000000000000	4.32684539740215	4.99906851164767	5.00000004844888	4.99999999661631	5.00000002982002	4.99999997508867	5.00000000201642
0.395000000000000	4.34489777780863	4.99917245745354	5.00000003357742	4.99999999052391	5.00000002374927	4.99999997884719	5.00000000841654
0.400000000000000	4.36246603697894	4.99926480383309	5.00000002233692	4.99999998771778	5.00000001726033	4.99999998401467	5.00000001103968
0.405000000000000	4.37956315787522	4.99934684517898	5.00000001404167	4.99999998717276	5.00000001128219	4.99999998933416	5.00000001097266
0.410000000000000	4.39620177528793	4.99941973144120	5.00000000808117	4.99999998805266	5.00000000631921	4.99999999402100	5.00000000928081
0.415000000000000	4.41239418517296	4.99948448424556	5.00000000393087	4.99999998971504	5.00000000255821	4.99999999768450	5.00000000685607
0.420000000000000	4.42815235373836	4.99954201121354	5.00000000115295	4.99999999169579	4.99999999997103	5.00000000022670	5.00000000435079
0.425000000000000	4.44348792628741	4.99959311868412	4.99999999939118	4.99999999368294	4.99999999840218	5.00000000174090	5.00000000217353
0.430000000000000	4.45841223582445	4.99963852301606	4.99999999836230	4.99999999548636	4.99999999763714	5.00000000242392	5.00000000052326
0.435000000000000	4.47293631143005	4.99967886062884	4.99999999784606	4.99999999700794	4.99999999745075	5.00000000250866	4.99999999944159
0.440000000000000	4.48707088641147	4.99971469692321	4.99999999767498	4.99999999821467	4.99999999763800	5.00000000221823	4.99999999886824
0.445000000000000	4.50082640623458	4.99974653420621	4.99999999772463	4.99999999911622	4.99999999803024	5.00000000173937	4.99999999869009
0.450000000000000	4.51421303624312	4.99977481873192	4.99999999790495	4.99999999974729	4.99999999850081	5.00000000121125	4.99999999877893
0.455000000000000	4.52724066917084	4.99979994695640	4.99999999815266	5.00000000015448	4.99999999896351	5.00000000072518	4.99999999901667
0.460000000000000	4.53991893245226	4.99982227109478	4.99999999842490	5.00000000038723	4.99999999936689	5.00000000033091	4.99999999930912
0.465000000000000	4.55225719533739	4.99984210405809	4.99999999869407	5.00000000049206	4.99999999968666	5.00000000004618	4.99999999959081
0.470000000000000	4.56426457581558	4.99985972383929	4.99999999894361	5.00000000050928	4.99999999991793	4.99999999986683	4.99999999982358
0.475000000000000	4.57594994735370	4.99987537740980	4.99999999916476	5.00000000047167	5.00000000006815	4.99999999977598	4.99999999999159
0.480000000000000	4.58732194545371	4.99988928418122	4.99999999935409	5.00000000040429	5.00000000015140	4.99999999975129	5.00000000009496
0.485000000000000	4.59838897403426	4.99990163908077	4.99999999951161	5.00000000032519	5.00000000018415	4.99999999977019	5.00000000014350
0.490000000000000	4.60915921164117	4.99991261528354	4.99999999963943	5.00000000024645	5.00000000018234	4.99999999981300	5.00000000015140
0.495000000000000	4.61964061749147	4.99992236663982	4.99999999974079	5.00000000017535	5.00000000015975	4.99999999986450	5.00000000013342
0.500000000000000	4.62984093735516	4.99993102983156	4.99999999981941	5.00000000011561	5.00000000012719	4.99999999991428	5.00000000010242
0.505000000000000	4.63976770927944	4.99993872628825	4.99999999987904	5.00000000006840	5.00000000009241	4.99999999995621	5.00000000006817
0.510000000000000	4.64942826915928	4.99994556388889	4.99999999992320	5.00000000003327	5.00000000006038	4.99999999998767	5.00000000003709
0.515000000000000	4.65882975615865	4.99995163847419	4.99999999995507	5.00000000000879	5.00000000003379	5.00000000000847	5.00000000001263
0.520000000000000	4.66797911798642	4.99995703518985	4.99999999997738	4.99999999999309	5.00000000001365	5.00000000001995	4.99999999999586
0.525000000000000	4.67688311603066	4.99996182968010	4.99999999999241	4.99999999998421	4.99999999999981	5.00000000002422	4.99999999998629
0.530000000000000	4.68554833035536	4.99996608914793	5.00000000000203	4.99999999998030	4.99999999999141	5.00000000002351	4.99999999998254
0.535000000000000	4.69398116456309	4.99996987329708	5.00000000000773	4.99999999997979	4.99999999998732	5.00000000001987	4.99999999998288
0.540000000000000	4.70218785052726	4.99997323516887	5.00000000001068	4.99999999998139	4.99999999998633	5.00000000001495	4.99999999998567
0.545000000000000	4.71017445299748	4.99997622188571	5.00000000001177	4.99999999998411	4.99999999998734	5.00000000000993	4.99999999998952
0.550000000000000	4.71794687408146	4.99997887531155	5.00000000001165	4.99999999998727	4.99999999998945	5.00000000000552	4.99999999999344
0.555000000000000	4.72551085760659	4.99998123263868	5.00000000001081	4.99999999999039	4.99999999999197	5.00000000000209	4.99999999999681
0.560000000000000	4.73287199336472	4.99998332690910	5.00000000000959	4.99999999999319	4.99999999999445	4.99999999999972	4.99999999999933
0.565000000000000	4.74003572124297	4.99998518747758	5.00000000000821	4.99999999999554	4.99999999999661	4.99999999999832	5.00000000000097
0.570000000000000	4.74700733524383	4.99998684042319	5.00000000000683	4.99999999999738	4.99999999999833	4.99999999999769	5.00000000000182
0.575000000000000	4.75379198739744	4.99998830891479	5.00000000000555	4.99999999999875	4.99999999999956	4.99999999999763	5.00000000000206
0.580000000000000	4.76039469156892	4.99998961353580	5.00000000000440	4.99999999999970	5.00000000000037	4.99999999999791	5.00000000000190
0.585000000000000	4.76682032716365	4.99999077257273	5.00000000000341	5.00000000000030	5.00000000000081	4.99999999999837	5.00000000000151
0.590000000000000	4.77307364273314	4.99999180227145	5.00000000000259	5.00000000000064	5.00000000000099	4.99999999999887	5.00000000000105
0.595000000000000	4.77915925948422	4.99999271706496	5.00000000000192	5.00000000000079	5.00000000000098	4.99999999999933	5.00000000000061
0.600000000000000	4.78508167469412	4.99999352977567	5.00000000000139	5.00000000000080	5.00000000000086	4.99999999999970	5.00000000000025
0.605000000000000	4.79084526503395	4.99999425179509	5.00000000000097	5.00000000000073	5.00000000000068	4.99999999999996	5.00000000000000
0.610000000000000	4.79645428980308	4.99999489324358	5.00000000000065	5.00000000000062	5.00000000000050	5.00000000000013	4.99999999999984
0.615000000000000	4.80191289407675	4.99999546311212	5.00000000000042	5.00000000000050	5.00000000000032	5.00000000000021	4.99999999999977
0.620000000000000	4.80722511176930	4.99999596938841	5.00000000000025	5.00000000000038	5.00000000000018	5.00000000000024	4.99999999999976
0.625000000000000	4.81239486861524	4.99999641916878	5.00000000000013	5.00000000000026	5.00000000000007	5.00000000000022	4.99999999999979
0.630000000000000	4.81742598507035	4.99999681875766	5.00000000000005	5.00000000000017	5.00000000000000	5.00000000000018	4.99999999999984
0.635000000000000	4.82232217913503	4.99999717375598	5.00000000000000	5.00000000000010	4.99999999999995	5.00000000000013	4.99999999999990
0.640000000000000	4.82708706910186	4.99999748913964	4.99999999999996	5.00000000000005	4.99999999999993	5.00000000000008	4.99999999999994
0.645000000000000	4.83172417622960	4.99999776932930	4.99999999999995	5.00000000000001	4.99999999999993	5.00000000000004	4.99999999999998
0.650000000000000	4.83623692734530	4.99999801825229	4.99999999999994	4.99999999999999	4.99999999999993	5.00000000000001	5.00000000000001
0.655000000000000	4.84062865737684	4.99999823939769	4.99999999999994	4.99999999999997	4.99999999999994	4.99999999999999	5.00000000000002
0.660000000000000	4.84490261181735	4.99999843586523	4.99999999999995	4.99999999999997	4.99999999999996	4.99999999999998	5.00000000000003
0.665000000000000	4.84906194912370	4.99999861040875	4.99999999999995	4.99999999999997	4.99999999999997	4.99999999999998	5.00000000000003
0.670000000000000	4.85310974305055	4.99999876547476	4.99999999999996	4.99999999999997	4.99999999999998	4.99999999999998	5.00000000000002
0.675000000000000	4.85704898492192	4.99999890323678	4.99999999999996	4.99999999999998	4.99999999999999	4.99999999999998	5.00000000000002
0.680000000000000	4.86088258584171	4.99999902562579	4.99999999999997	4.99999999999998	5.00000000000000	4.99999999999999	5.00000000000001
0.685000000000000	4.86461337884507	4.99999913435728	4.99999999999998	4.99999999999999	5.00000000000000	4.99999999999999	5.00000000000000
0.690000000000000	4.86824412099198	4.99999923095530	4.99999999999998	4.99999999999999	5.00000000000000	4.99999999999999	5
0.695000000000000	4.87177749540472	4.99999931677384	4.99999999999999	4.99999999999999	5.00000000000000	5.00000000000000	5.00000000000000
0.700000000000000	4.87521611325075	4.99999939301579	4.99999999999999	5.00000000000000	5.00000000000000	5.00000000000000	5.00000000000000
0.705000000000000	4.87856251567227	4.99999946074983	4.99999999999999	5.00000000000000	5.00000000000000	5	5.00000000000000
0.710000000000000	4.88181917566424	4.99999952092534	4.99999999999999	5.00000000000000	5.00000000000000	5.00000000000000	5.00000000000000
0.715000000000000	4.88498849990183	4.99999957438581	5.00000000000000	5	5.00000000000000	5.00000000000000	5.00000000000000
0.720000000000000	4.88807283051902	4.99999962188056	5.00000000000000	5	5	5.00000000000000	5.00000000000000
0.725000000000000	4.89107444683939	4.99999966407533	5.00000000000000	5	5.00000000000000	5.00000000000000	5
0.730000000000000	4.89399556706059	4.99999970156153	5.00000000000000	5	5.00000000000000	5.00000000000000	5
0.735000000000000	4.89683834989355	4.99999973486461	5.00000000000000	5	5.00000000000000	5	5
0.740000000000000	4.89960489615780	4.99999976445135	5.00000000000000	5	5.00000000000000	5.00000000000000	5
0.745000000000000	4.90229725033397	4.99999979073649	5.00000000000000	5	5.00000000000000	5.00000000000000	5
0.750000000000000	4.90491740207463	4.99999981408843	5.00000000000000	5	5.00000000000000	5.00000000000000	5
0.755000000000000	4.90746728767470	4.99999983483451	5.00000000000000	5	5.00000000000000	5.00000000000000	5
0.760000000000000	4.90994879150234	4.99999985326551	5.00000000000000	5	5.00000000000000	5.00000000000000	5
0.765000000000000	4.91236374739150	4.99999986963977	5.00000000000000	5	5.00000000000000	5.00000000000000	5
0.770000000000000	4.91471393999716	4.99999988418681	5.00000000000000	5	5.00000000000000	5.00000000000000	5
0.775000000000000	4.91700110611412	4.99999989711053	5.00000000000000	5	5.00000000000000	5.00000000000000	5
0.780000000000000	4.91922693596058	4.99999990859208	5.00000000000000	5	5.00000000000000	5.00000000000000	5
0.785000000000000	4.92139307442715	4.99999991879239	5.00000000000000	5	5.00000000000000	5.00000000000000	5
0.790000000000000	4.92350112229245	4.99999992785444	5.00000000000000	5	5.00000000000000	5.00000000000000	5
0.795000000000000	4.92555263740609	4.99999993590524	5.00000000000000	5	5.00000000000000	5.00000000000000	5
0.800000000000000	4.92754913583991	4.99999994305764	5.00000000000000	5	5.00000000000000	5.00000000000000	5
0.805000000000000	4.92949209300836	4.99999994941190	5.00000000000000	5	5.00000000000000	5.00000000000000	5
0.810000000000000	4.93138294475886	4.99999995505709	5.00000000000000	5	5.00000000000000	5.00000000000000	5
0.815000000000000	4.93322308843285	4.99999996007231	5.00000000000000	5	5.00000000000000	5.00000000000000	5
0.820000000000000	4.93501388389845	4.99999996452789	5.00000000000000	5	5.00000000000000	5.00000000000000	5
0.825000000000000	4.93675665455541	4.99999996848626	5.00000000000000	5	5.00000000000000	5.00000000000000	5
0.830000000000000	4.93845268831309	4.99999997200291	5.00000000000000	5	5.00000000000000	5.00000000000000	5
0.835000000000000	4.94010323854223	4.99999997512714	5.00000000000000	5	5.00000000000000	5.00000000000000	5
0.840000000000000	4.94170952500121	4.99999997790273	5.00000000000000	5	5.00000000000000	5.00000000000000	5
0.845000000000000	4.94327273473742	4.99999998036859	5.00000000000000	5	5.00000000000000	5.00000000000000	5
0.850000000000000	4.94479402296450	4.99999998255928	5.00000000000000	5	5.00000000000000	5.00000000000000	5
0.855000000000000	4.94627451391607	4.99999998450551	5.00000000000000	5	5.00000000000000	5.00000000000000	5
0.860000000000000	4.94771530167652	4.99999998623455	5.00000000000000	5	5.00000000000000	5.00000000000000	5
0.865000000000000	4.94911745098951	4.99999998777066	5.00000000000000	5	5.00000000000000	5.00000000000000	5
0.870000000000000	4.95048199804489	4.99999998913534	5.00000000000000	5	5.00000000000000	5.00000000000000	5
0.875000000000000	4.95180995124437	4.99999999034774	5.00000000000000	5	5.00000000000000	5.00000000000000	5
0.880000000000000	4.95310229194677	4.99999999142485	5.00000000000000	5	5.00000000000000	5.00000000000000	5
0.885000000000000	4.95435997519323	4.99999999238176	5.00000000000000	5	5.00000000000000	5.00000000000000	5
0.890000000000000	4.95558393041302	4.99999999323189	5.00000000000000	5	5.00000000000000	5.00000000000000	5
0.895000000000000	4.95677506211033	4.99999999398715	5.00000000000000	5	5.00000000000000	5.00000000000000	5
0.900000000000000	4.95793425053275	4.99999999465813	5.00000000000000	5	5.00000000000000	5.00000000000000	5
0.905000000000000	4.95906235232175	4.99999999525423	5.00000000000000	5	5.00000000000000	5.00000000000000	5
0.910000000000000	4.96016020114575	4.99999999578382	5.00000000000000	5	5.00000000000000	5.00000000000000	5
0.915000000000000	4.96122860831620	4.99999999625431	5.00000000000000	5	5.00000000000000	5.00000000000000	5
0.920000000000000	4.96226836338712	4.99999999667229	5.00000000000000	5	5.00000000000000	5.00000000000000	5
0.925000000000000	4.96328023473861	4.99999999704364	5.00000000000000	5	5.00000000000000	5.00000000000000	5
0.930000000000000	4.96426497014468	4.99999999737354	5.00000000000000	5	5.00000000000000	5.00000000000000	5
0.935000000000000	4.96522329732583	4.99999999766663	5.00000000000000	5	5.00000000000000	5.00000000000000	5
0.940000000000000	4.96615592448686	4.99999999792701	5.00000000000000	5	5.00000000000000	5.00000000000000	5
0.945000000000000	4.96706354084024	4.99999999815834	5.00000000000000	5	5.00000000000000	5.00000000000000	5
0.950000000000000	4.96794681711541	4.99999999836385	5.00000000000000	5	5.00000000000000	5.00000000000000	5
0.955000000000000	4.96880640605447	4.99999999854643	5.00000000000000	5	5.00000000000000	5.00000000000000	5
0.960000000000000	4.96964294289456	4.99999999870864	5.00000000000000	5	5.00000000000000	5.00000000000000	5
0.965000000000000	4.97045704583729	4.99999999885274	5.00000000000000	5	5.00000000000000	5.00000000000000	5
0.970000000000000	4.97124931650560	4.99999999898077	5.00000000000000	5	5.00000000000000	5.00000000000000	5
0.975000000000000	4.97202034038835	4.99999999909450	5.00000000000000	5	5.00000000000000	5.00000000000000	5
0.980000000000000	4.97277068727301	4.99999999919555	5.00000000000000	5	5.00000000000000	5.00000000000000	5
0.985000000000000	4.97350091166672	4.99999999928532	5.00000000000000	5	5.00000000000000	5.00000000000000	5
0.990000000000000	4.97421155320608	4.99999999936507	5.00000000000000	5	5.00000000000000	5.00000000000000	5
0.995000000000000	4.97490313705594	4.99999999943592	5.00000000000000	5	5.00000000000000	5.00000000000000	5
1	4.97557617429750	4.99999999949887	5.00000000000000	5	5.00000000000000	5.00000000000000	5