t y
0	0
0.100000000000000	0.0245833333333333
0.200000000000000	0.0953248350694445
0.300000000000000	0.206529464753147
0.400000000000000	0.350816331510087
0.500000000000000	0.519559625437709
0.600000000000000	0.703368406403220
0.700000000000000	0.892580051173180
0.800000000000000	1.07774273049123
0.900000000000000	1.25006402631298
1	1.40180556429571
1.10000000000000	1.52660714332099
1.20000000000000	1.61972807595872
1.30000000000000	1.67819807524137
1.40000000000000	1.70087479044742
1.50000000000000	1.68840976916927
1.60000000000000	1.64312898232862
1.70000000000000	1.56883789676277
1.80000000000000	1.47056425473970
1.90000000000000	1.35425410008304
2	1.22643809982017
2.10000000000000	1.09388581777889
2.20000000000000	0.963265317006806
2.30000000000000	0.840824358279389
2.40000000000000	0.732107616822094
2.50000000000000	0.641721884303655
2.60000000000000	0.573158307236163
2.70000000000000	0.528677500291641
2.80000000000000	0.509260034234109
2.90000000000000	0.514621501466902
3	0.543288265618341
3.10000000000000	0.592727245691758
3.20000000000000	0.659520787220908
3.30000000000000	0.739575921766928
3.40000000000000	0.828356170211015
3.50000000000000	0.921123530641945
3.60000000000000	1.01317840229060
3.70000000000000	1.10008589693363
3.80000000000000	1.17787821563161
3.90000000000000	1.24322443625434
4	1.29356106340553
4.10000000000000	1.32717892310273
4.20000000000000	1.34326432058424
4.30000000000000	1.34189470232154
4.40000000000000	1.32399126058479
4.50000000000000	1.29123289019303
4.60000000000000	1.24593756772767
4.70000000000000	1.19091850807586
4.80000000000000	1.12932331773752
4.90000000000000	1.06446478746483
5	0.999651949574079
5.10000000000000	0.938029590076006
5.20000000000000	0.882433594209944
5.30000000000000	0.835268373872601
5.40000000000000	0.798411247274713
5.50000000000000	0.773147094001109
5.60000000000000	0.760134975890535
5.70000000000000	0.759406779261705
5.80000000000000	0.770396376478930
5.90000000000000	0.791996396513383
6	0.822638496091693
6.10000000000000	0.860392083108894
6.20000000000000	0.903075795215291
6.30000000000000	0.948375696111914
6.40000000000000	0.993964121533282
6.50000000000000	1.03761337247266
6.60000000000000	1.07729898751827
6.70000000000000	1.11128809011656
6.80000000000000	1.13820925182238
6.90000000000000	1.15710138436202
7	1.16744031338780
7.10000000000000	1.16914283644296
7.20000000000000	1.16254917059208
7.30000000000000	1.14838570013796
7.40000000000000	1.12771079784223
7.50000000000000	1.10184717914077
7.60000000000000	1.07230473334841
7.70000000000000	1.04069804512348
7.80000000000000	1.00866287097613
7.90000000000000	0.977775677516611
8	0.949479998389639
8.10000000000000	0.925022851795888
8.20000000000000	0.905403813263775
8.30000000000000	0.891338596803533
8.40000000000000	0.883238202373923
8.50000000000000	0.881203879959067
8.60000000000000	0.885037380312776
8.70000000000000	0.894265246123840
8.80000000000000	0.908175276638156
8.90000000000000	0.925862799101011
9	0.946284020090256
9.10000000000000	0.968313519567929
9.20000000000000	0.990802893145352
9.30000000000000	1.01263763893134
9.40000000000000	1.03278961274549
9.50000000000000	1.05036272170075
9.60000000000000	1.06462996856312
9.70000000000000	1.07506047169064
9.80000000000000	1.08133563943195
9.90000000000000	1.08335424468262
10	1.08122669670800
10.1000000000000	1.07525931732633
10.2000000000000	1.06592987437018
10.3000000000000	1.05385598850214
10.4000000000000	1.03975829636777
10.5000000000000	1.02442041547671
10.6000000000000	1.00864781134363
10.7000000000000	0.993227617869075
10.8000000000000	0.978891315228190
10.9000000000000	0.966281937544566
11	0.955927180796605
11.1000000000000	0.948219427810450
11.2000000000000	0.943403321539953
11.3000000000000	0.941571120416024
11.4000000000000	0.942665680237762
11.5000000000000	0.946490544382240
11.6000000000000	0.952726304336417
11.7000000000000	0.960952129128391
11.8000000000000	0.970671165187908
11.9000000000000	0.981338383815137
12	0.992389404260587
12.1000000000000	1.00326884512443
12.2000000000000	1.01345685055327
12.3000000000000	1.02249259261165
12.4000000000000	1.02999375672006
12.5000000000000	1.03567126072351
12.6000000000000	1.03933872628454
12.7000000000000	1.04091649966605
12.8000000000000	1.04043029356299
12.9000000000000	1.03800477931159
13	1.03385268786603
13.1000000000000	1.02826016866508
13.2000000000000	1.02156930053065
13.3000000000000	1.01415874324278
13.4000000000000	1.00642356030689
13.5000000000000	0.998755233212765
13.6000000000000	0.991522828227787
13.7000000000000	0.985056173746840
13.8000000000000	0.979631766584693
13.9000000000000	0.975461957915186
14	0.972687783351135
14.1000000000000	0.971375606868056
14.2000000000000	0.971517554781927
14.3000000000000	0.973035533127910
14.4000000000000	0.975788457911754
14.5000000000000	0.979582189845808
14.6000000000000	0.984181558757161
14.7000000000000	0.989323791494736
14.8000000000000	0.994732622613118
14.9000000000000	1.00013236924868
15	1.00526128852789
15.1000000000000	1.00988360406248
15.2000000000000	1.01379968274680
15.3000000000000	1.01685395828829
15.4000000000000	1.01894032707147
15.5000000000000	1.02000487812428
15.6000000000000	1.02004595516794
15.7000000000000	1.01911167837292
15.8000000000000	1.01729517053970
15.9000000000000	1.01472783190313
16	1.01157108565586
16.1000000000000	1.00800706987307
16.2000000000000	1.00422877938702
16.3000000000000	1.00043016321170
16.4000000000000	0.996796660518839
16.5000000000000	0.993496613222786
16.6000000000000	0.990673929217223
16.7000000000000	0.988442291266081
16.8000000000000	0.986881117055640
16.9000000000000	0.986033380823704
17	0.985905311185186
17.1000000000000	0.986467887957878
17.2000000000000	0.987659977220670
17.3000000000000	0.989392872163191
17.4000000000000	0.991555950408458
17.5000000000000	0.994023118445645
17.6000000000000	0.996659691718929
17.7000000000000	0.999329354973820
17.8000000000000	1.00190086096769
17.9000000000000	1.00425415509594
18	1.00628565665940
18.1000000000000	1.00791248163338
18.2000000000000	1.00907545372908
18.3000000000000	1.00974081687533
18.4000000000000	1.00990062955535
18.5000000000000	1.00957188639470
18.6000000000000	1.00879447197261
18.7000000000000	1.00762810339120
18.8000000000000	1.00614845957338
18.9000000000000	1.00444272505571
19	1.00260479331926
19.1000000000000	1.00073037923409
19.2000000000000	0.998912282385796
19.3000000000000	0.997236023887751
19.4000000000000	0.995776050248363
19.5000000000000	0.994592660850605
19.6000000000000	0.993729772799904
19.7000000000000	0.993213590667457
19.8000000000000	0.993052201411877
19.9000000000000	0.993236068846363
20	0.993739359595748
20.1000000000000	0.994521995446749
20.2000000000000	0.995532296870326
20.3000000000000	0.996710060411577
20.4000000000000	0.997989899278334
20.5000000000000	0.999304672036732
20.6000000000000	1.00058882861735
20.7000000000000	1.00178151521365
20.8000000000000	1.00282929911852
20.9000000000000	1.00368839980292
21	1.00432634208211
21.1000000000000	1.00472297939709
21.2000000000000	1.00487086836725
21.3000000000000	1.00477500819330
21.4000000000000	1.00445198866379
21.5000000000000	1.00392861709237
21.6000000000000	1.00324011636984
21.7000000000000	1.00242800262604
21.8000000000000	1.00153776124089
21.9000000000000	1.00061644392109
22	0.999710307382721
22.1000000000000	0.998862606257629
22.2000000000000	0.998111639838646
22.3000000000000	0.997489135075695
22.4000000000000	0.997019027872703
22.5000000000000	0.996716682357228
22.6000000000000	0.996588564586114
22.7000000000000	0.996632364279013
22.8000000000000	0.996837536731124
22.9000000000000	0.997186218018070
23	0.997654450776289
23.1000000000000	0.998213645833077
23.2000000000000	0.998832197167572
23.3000000000000	0.999477164279461
23.4000000000000	1.00011593697643
23.5000000000000	1.00071780260656
23.6000000000000	1.00125534441459
23.7000000000000	1.00170561139320
23.8000000000000	1.00205101401537
23.9000000000000	1.00227991577724
24	1.00238690672356
24.1000000000000	1.00237276124646
24.2000000000000	1.00224409766605
24.3000000000000	1.00201277072470
24.4000000000000	1.00169503957055
24.5000000000000	1.00131056262258
24.6000000000000	1.00088127659894
24.7000000000000	1.00043021980983
24.8000000000000	0.999980359579818
24.9000000000000	0.999553480532443
25	0.999169184737013
25.1000000000000	0.998844046788614
25.2000000000000	0.998590957260549
25.3000000000000	0.998418677184544
25.4000000000000	0.998331614858134
25.5000000000000	0.998329824930164
25.6000000000000	0.998409218924905
25.7000000000000	0.998561966629508
25.8000000000000	0.998777059509538
25.9000000000000	0.999041000861874
26	0.999338582988505
26.1000000000000	0.999653709394091
26.2000000000000	0.999970219880446
26.3000000000000	1.00027267833317
26.4000000000000	1.00054708677578
26.5000000000000	1.00078149463044
26.6000000000000	1.00096647873344
26.7000000000000	1.00109547712661
26.8000000000000	1.00116496757715
26.9000000000000	1.00117448976057
27	1.00112651768481
27.1000000000000	1.00102619588303
27.2000000000000	1.00088095885494
27.3000000000000	1.00070005795165
27.4000000000000	1.00049402320857
27.5000000000000	1.00027408944257
27.6000000000000	1.00005161622936
27.7000000000000	0.999837530224145
27.8000000000000	0.999641815809868
27.9000000000000	0.999473076438594
28	0.999338184503765
28.1000000000000	0.999242032409091
28.2000000000000	0.999187391965911
28.3000000000000	0.999174883641753
28.4000000000000	0.999203051774335
28.5000000000000	0.999268536910326
28.6000000000000	0.999366332145131
28.7000000000000	0.999490106903829
28.8000000000000	0.999632579139645
28.9000000000000	0.999785915506855
29	0.999942138707752
29.1000000000000	1.00009352188341
29.2000000000000	1.00023295153282
29.3000000000000	1.00035424287962
29.4000000000000	1.00045239470211
29.5000000000000	1.00052377421726
29.6000000000000	1.00056622646651
29.7000000000000	1.00057910658894
29.8000000000000	1.00056323719044
29.9000000000000	1.00052079654676
30	1.00045514645532