t y
0	0
0.100000000000000	0.143329928002940
0.200000000000000	0.274160544238336
0.300000000000000	0.393678613553480
0.400000000000000	0.502956139517066
0.500000000000000	0.602961293184663
0.600000000000000	0.694568304711229
0.700000000000000	0.778566416496713
0.800000000000000	0.855667987154547
0.900000000000000	0.926515827090843
1	0.991689838789250
1.10000000000000	1.05171302793575
1.20000000000000	1.10705694521944
1.30000000000000	1.15814661294655
1.40000000000000	1.20536498544868
1.50000000000000	1.24905698760052
1.60000000000000	1.28953317154088
1.70000000000000	1.32707302787129
1.80000000000000	1.36192798415028
1.90000000000000	1.39432412037436
2	1.42446462830755
2.10000000000000	1.45253203896104
2.20000000000000	1.47869024020880
2.30000000000000	1.50308630442860
2.40000000000000	1.52585214416254
2.50000000000000	1.54710601207511
2.60000000000000	1.56695385993491
2.70000000000000	1.58549056994190
2.80000000000000	1.60280107045152
2.90000000000000	1.61896134699760
3	1.63403935847619
3.10000000000000	1.64809586741159
3.20000000000000	1.66118519237494
3.30000000000000	1.67335588985565
3.40000000000000	1.68465137218974
3.50000000000000	1.69511046751899
3.60000000000000	1.70476792718502
3.70000000000000	1.71365488544691
3.80000000000000	1.72179927594483
3.90000000000000	1.72922620891043
4	1.73595831274350
4.10000000000000	1.74201604322925
4.20000000000000	1.74741796335919
4.30000000000000	1.75218099643599
4.40000000000000	1.75632065488833
4.50000000000000	1.75985124699071
4.60000000000000	1.76278606347508
4.70000000000000	1.76513754583287
4.80000000000000	1.76691743793522
4.90000000000000	1.76813692244604
5	1.76880674336291
5.10000000000000	1.76893731589537
5.20000000000000	1.76853882477675
5.30000000000000	1.76762131200307
5.40000000000000	1.76619475489981
5.50000000000000	1.76426913533396
5.60000000000000	1.76185450081310
5.70000000000000	1.75896101814524
5.80000000000000	1.75559902027132
5.90000000000000	1.75177904682739
6	1.74751187894261
6.10000000000000	1.74280856873481
6.20000000000000	1.73768046392408
6.30000000000000	1.73213922794845
6.40000000000000	1.72619685593249
6.50000000000000	1.71986568682986
6.60000000000000	1.71315841203411
6.70000000000000	1.70608808072748
6.80000000000000	1.69866810221627
6.90000000000000	1.69091224548093
7	1.68283463615224
7.10000000000000	1.67444975110829
7.20000000000000	1.66577241087319
7.30000000000000	1.65681776998536
7.40000000000000	1.64760130549173
7.50000000000000	1.63813880371370
7.60000000000000	1.62844634542148
7.70000000000000	1.61854028954486
7.80000000000000	1.60843725554092
7.90000000000000	1.59815410453239
8	1.58770791932416
8.10000000000000	1.57711598339983
8.20000000000000	1.56639575899526
8.30000000000000	1.55556486434146
8.40000000000000	1.54464105016514
8.50000000000000	1.53364217553129
8.60000000000000	1.52258618310890
8.70000000000000	1.51149107393796
8.80000000000000	1.50037488177259
8.90000000000000	1.48925564707299
9	1.47815139071616
9.10000000000000	1.46708008749321
9.20000000000000	1.45605963945900
9.30000000000000	1.44510784919771
9.40000000000000	1.43424239306632
9.50000000000000	1.42348079447587
9.60000000000000	1.41284039726912
9.70000000000000	1.40233833925101
9.80000000000000	1.39199152592735
9.90000000000000	1.38181660450505
10	1.37182993820620
10.1000000000000	1.36204758094636
10.2000000000000	1.35248525242621
10.3000000000000	1.34315831368423
10.4000000000000	1.33408174315637
10.5000000000000	1.32527011328758
10.6000000000000	1.31673756773813
10.7000000000000	1.30849779922653
10.8000000000000	1.30056402804915
10.9000000000000	1.29294898131519
11	1.28566487293397
11.1000000000000	1.27872338439023
11.2000000000000	1.27213564634108
11.3000000000000	1.26591222106721
11.4000000000000	1.26006308580868
11.5000000000000	1.25459761701460
11.6000000000000	1.24952457553373
11.7000000000000	1.24485209277185
11.8000000000000	1.24058765783957
11.9000000000000	1.23673810571286
12	1.23330960642651
12.1000000000000	1.23030765531930
12.2000000000000	1.22773706434738
12.3000000000000	1.22560195448102
12.4000000000000	1.22390574919774
12.5000000000000	1.22265116908315
12.6000000000000	1.22184022754880
12.7000000000000	1.22147422767476
12.8000000000000	1.22155376018248
12.9000000000000	1.22207870254178
13	1.22304821921401
13.1000000000000	1.22446076303129
13.2000000000000	1.22631407771027
13.3000000000000	1.22860520149653
13.4000000000000	1.23133047193434
13.5000000000000	1.23448553175439
13.6000000000000	1.23806533587030
13.7000000000000	1.24206415947311
13.8000000000000	1.24647560721087
13.9000000000000	1.25129262343900
14	1.25650750352517
14.1000000000000	1.26211190619068
14.2000000000000	1.26809686686897
14.3000000000000	1.27445281205981
14.4000000000000	1.28116957465648
14.5000000000000	1.28823641022150
14.6000000000000	1.29564201418491
14.7000000000000	1.30337453993779
14.8000000000000	1.31142161779210
14.9000000000000	1.31977037477657
15	1.32840745523708
15.1000000000000	1.33731904220865
15.2000000000000	1.34649087952480
15.3000000000000	1.35590829462917
15.4000000000000	1.36555622205268
15.5000000000000	1.37541922751896
15.6000000000000	1.38548153263944
15.7000000000000	1.39572704015850
15.8000000000000	1.40613935970853
15.9000000000000	1.41670183403365
16	1.42739756564007
16.1000000000000	1.43820944383059
16.2000000000000	1.44912017208005
16.3000000000000	1.46011229570771
16.4000000000000	1.47116822980271
16.5000000000000	1.48227028735748
16.6000000000000	1.49340070756457
16.7000000000000	1.50454168423122
16.8000000000000	1.51567539426662
16.9000000000000	1.52678402619592
17	1.53784980865571
17.1000000000000	1.54885503882518
17.2000000000000	1.55978211074752
17.3000000000000	1.57061354349641
17.4000000000000	1.58133200914228
17.5000000000000	1.59192036047386
17.6000000000000	1.60236165843055
17.7000000000000	1.61263919920166
17.8000000000000	1.62273654094944
17.9000000000000	1.63263753011274
18	1.64232632724970
18.1000000000000	1.65178743237768
18.2000000000000	1.66100570977020
18.3000000000000	1.66996641217115
18.4000000000000	1.67865520438743
18.5000000000000	1.68705818622238
18.6000000000000	1.69516191471337
18.7000000000000	1.70295342563773
18.8000000000000	1.71042025425298
18.9000000000000	1.71755045523784
19	1.72433262180230
19.1000000000000	1.73075590393619
19.2000000000000	1.73681002576696
19.3000000000000	1.74248530199898
19.4000000000000	1.74777265340800
19.5000000000000	1.75266362136609
19.6000000000000	1.75715038137364
19.7000000000000	1.76122575557700
19.8000000000000	1.76488322425157
19.9000000000000	1.76811693623196
20	1.77092171827271
20.1000000000000	1.77329308332439
20.2000000000000	1.77522723771195
20.3000000000000	1.77672108720386
20.4000000000000	1.77777224196219
20.5000000000000	1.77837902036592
20.6000000000000	1.77854045170117
20.7000000000000	1.77825627771417
20.8000000000000	1.77752695302442
20.9000000000000	1.77635364439742
21	1.77473822887812
21.1000000000000	1.77268329078802
21.2000000000000	1.77019211759089
21.3000000000000	1.76726869463346
21.4000000000000	1.76391769876981
21.5000000000000	1.76014449087932
21.6000000000000	1.75595510729052
21.7000000000000	1.75135625012415
21.8000000000000	1.74635527657130
21.9000000000000	1.74096018712340
22	1.73517961277320
22.1000000000000	1.72902280120703
22.2000000000000	1.72249960201043
22.3000000000000	1.71562045091097
22.4000000000000	1.70839635308328
22.5000000000000	1.70083886554314
22.6000000000000	1.69296007865873
22.7000000000000	1.68477259680861
22.8000000000000	1.67628951821741
22.9000000000000	1.66752441400145
23	1.65849130645789
23.1000000000000	1.64920464663201
23.2000000000000	1.63967929119864
23.3000000000000	1.62993047869466
23.4000000000000	1.61997380514055
23.5000000000000	1.60982519909016
23.6000000000000	1.59950089614833
23.7000000000000	1.58901741299748
23.8000000000000	1.57839152097438
23.9000000000000	1.56764021923961
24	1.55678070758252
24.1000000000000	1.54583035890526
24.2000000000000	1.53480669142982
24.3000000000000	1.52372734067263
24.4000000000000	1.51261003123146
24.5000000000000	1.50147254842992
24.6000000000000	1.49033270986464
24.7000000000000	1.47920833690100
24.8000000000000	1.46811722616269
24.9000000000000	1.45707712106095
25	1.44610568340888
25.1000000000000	1.43522046516628
25.2000000000000	1.42443888036032
25.3000000000000	1.41377817722675
25.4000000000000	1.40325541061645
25.5000000000000	1.39288741471126
25.6000000000000	1.38269077609293
25.7000000000000	1.37268180720810
25.8000000000000	1.36287652027185
25.9000000000000	1.35329060165162
26	1.34393938677232
26.1000000000000	1.33483783558295
26.2000000000000	1.32600050862385
26.3000000000000	1.31744154373298
26.4000000000000	1.30917463342834
26.5000000000000	1.30121300300293
26.6000000000000	1.29356938936703
26.7000000000000	1.28625602067191
26.8000000000000	1.27928459674739
26.9000000000000	1.27266627038460
27	1.26641162949389
27.1000000000000	1.26053068016642
27.2000000000000	1.25503283066660
27.3000000000000	1.24992687638081
27.4000000000000	1.24522098574670
27.5000000000000	1.24092268718542
27.6000000000000	1.23703885705775
27.7000000000000	1.23357570866338
27.8000000000000	1.23053878230098
27.9000000000000	1.22793293640489
28	1.22576233977267
28.1000000000000	1.22403046489588
28.2000000000000	1.22274008240489
28.3000000000000	1.22189325663641
28.4000000000000	1.22149134233104
28.5000000000000	1.22153498246591
28.6000000000000	1.22202410722613
28.7000000000000	1.22295793411642
28.8000000000000	1.22433496921296
28.9000000000000	1.22615300955336
29	1.22840914666089
29.1000000000000	1.23109977119746
29.2000000000000	1.23422057873780
29.3000000000000	1.23776657665556
29.4000000000000	1.24173209211052
29.5000000000000	1.24611078112389
29.6000000000000	1.25089563872731
29.7000000000000	1.25607901016934
29.8000000000000	1.26165260316140
29.9000000000000	1.26760750114366
30	1.27393417754966