t y
0	3
0.100000000000000	3.02399360051198
0.200000000000000	3.04794881638150
0.300000000000000	3.07182732437335
0.400000000000000	3.09559092396855
0.500000000000000	3.11920159847704
0.600000000000000	3.14262157585628
0.700000000000000	3.16581338913847
0.800000000000000	3.18873993636967
0.900000000000000	3.21136453996505
1	3.23365100538519
1.10000000000000	3.25556367903960
1.20000000000000	3.27706750532489
1.30000000000000	3.29812808270624
1.40000000000000	3.31871171875253
1.50000000000000	3.33878548403702
1.60000000000000	3.35831726481744
1.70000000000000	3.37727581441108
1.80000000000000	3.39563080318288
1.90000000000000	3.41335286706633
2	3.43041365453971
2.10000000000000	3.44678587198252
2.20000000000000	3.46244332733938
2.30000000000000	3.47736097202182
2.40000000000000	3.49151494098060
2.50000000000000	3.50488259088474
2.60000000000000	3.51744253634600
2.70000000000000	3.52917468413097
2.80000000000000	3.54006026530590
2.90000000000000	3.55008186526306
3	3.55922345158034
3.10000000000000	3.56747039966972
3.20000000000000	3.57480951617354
3.30000000000000	3.58122906007096
3.40000000000000	3.58671876146119
3.50000000000000	3.59126983799308
3.60000000000000	3.59487500891501
3.70000000000000	3.59752850672258
3.80000000000000	3.59922608638535
3.90000000000000	3.59996503213798
4	3.59974416182490
4.10000000000000	3.59856382879150
4.20000000000000	3.59642592131885
4.30000000000000	3.59333385960282
4.40000000000000	3.58929259028257
4.50000000000000	3.58430857852692
4.60000000000000	3.57838979769147
4.70000000000000	3.57154571656296
4.80000000000000	3.56378728421119
4.90000000000000	3.55512691247290
5	3.54557845609541
5.10000000000000	3.53515719057203
5.20000000000000	3.52387978770451
5.30000000000000	3.51176428893173
5.40000000000000	3.49883007646721
5.50000000000000	3.48509784229175
5.60000000000000	3.47058955505065
5.70000000000000	3.45532842490855
5.80000000000000	3.43933886641815
5.90000000000000	3.42264645946211
6	3.40527790833069
6.10000000000000	3.38726099900062
6.20000000000000	3.36862455468343
6.30000000000000	3.34939838971445
6.40000000000000	3.32961326185628
6.50000000000000	3.30930082309288
6.60000000000000	3.28849356899319
6.70000000000000	3.26722478672512
6.80000000000000	3.24552850180321
6.90000000000000	3.22343942365503
7	3.20099289009354
7.10000000000000	3.17822481078410
7.20000000000000	3.15517160979667
7.30000000000000	3.13187016733507
7.40000000000000	3.10835776073654
7.50000000000000	3.08467200483592
7.60000000000000	3.06085079178996
7.70000000000000	3.03693223045795
7.80000000000000	3.01295458543566
7.90000000000000	2.98895621584017
8	2.96497551394345
8.10000000000000	2.94105084375294
8.20000000000000	2.91722047963726
8.30000000000000	2.89352254509548
8.40000000000000	2.86999495176757
8.50000000000000	2.84667533878390
8.60000000000000	2.82360101255066
8.70000000000000	2.80080888706756
8.80000000000000	2.77833542487331
8.90000000000000	2.75621657871335
9	2.73448773402309
9.10000000000000	2.71318365231879
9.20000000000000	2.69233841558657
9.30000000000000	2.67198537175843
9.40000000000000	2.65215708136275
9.50000000000000	2.63288526543437
9.60000000000000	2.61420075476765
9.70000000000000	2.59613344059386
9.80000000000000	2.57871222676152
9.90000000000000	2.56196498349642
10	2.54591850281524
10.1000000000000	2.53059845566401
10.2000000000000	2.51602935085006
10.3000000000000	2.50223449583318
10.4000000000000	2.48923595943866
10.5000000000000	2.47705453655185
10.6000000000000	2.46570971485081
10.7000000000000	2.45521964363016
10.8000000000000	2.44560110476609
10.9000000000000	2.43686948586894
11	2.42903875566629
11.1000000000000	2.42212144165601
11.2000000000000	2.41612861006490
11.3000000000000	2.41106984814509
11.4000000000000	2.40695324883652
11.5000000000000	2.40378539781992
11.6000000000000	2.40157136298114
11.7000000000000	2.40031468630363
11.8000000000000	2.40001737820199
11.9000000000000	2.40067991430575
12	2.40230123469850
12.1000000000000	2.40487874561345
12.2000000000000	2.40840832358300
12.3000000000000	2.41288432203532
12.4000000000000	2.41829958032772
12.5000000000000	2.42464543520212
12.6000000000000	2.43191173464444
12.7000000000000	2.44008685412562
12.8000000000000	2.44915771519844
12.9000000000000	2.45910980642019
13	2.46992720656791
13.1000000000000	2.48159261010896
13.2000000000000	2.49408735488615
13.3000000000000	2.50739145197325
13.4000000000000	2.52148361765298
13.5000000000000	2.53634130746641
13.6000000000000	2.55194075227931
13.7000000000000	2.56825699630770
13.8000000000000	2.58526393704172
13.9000000000000	2.60293436700418
14	2.62124001727661
14.1000000000000	2.64015160272357
14.2000000000000	2.65963886884262
14.3000000000000	2.67967064016501
14.4000000000000	2.70021487012986
14.5000000000000	2.72123869235175
14.6000000000000	2.74270847319996
14.7000000000000	2.76458986560513
14.8000000000000	2.78684786400718
14.9000000000000	2.80944686035678
15	2.83235070108064
15.1000000000000	2.85552274491951
15.2000000000000	2.87892592154632
15.3000000000000	2.90252279087091
15.4000000000000	2.92627560293607
15.5000000000000	2.95014635830950
15.6000000000000	2.97409686887476
15.7000000000000	2.99808881892412
15.8000000000000	3.02208382645550
15.9000000000000	3.04604350457551
16	3.06992952291030
16.1000000000000	3.09370366892593
16.2000000000000	3.11732790906033
16.3000000000000	3.14076444956885
16.4000000000000	3.16397579698621
16.5000000000000	3.18692481810803
16.6000000000000	3.20957479939604
16.7000000000000	3.23188950571193
16.8000000000000	3.25383323828580
16.9000000000000	3.27537089182662
17	3.29646801068317
17.1000000000000	3.31709084396576
17.2000000000000	3.33720639954045
17.3000000000000	3.35678249680940
17.4000000000000	3.37578781819299
17.5000000000000	3.39419195923127
17.6000000000000	3.41196547722458
17.7000000000000	3.42907993833561
17.8000000000000	3.44550796307748
17.9000000000000	3.46122327011505
18	3.47620071830949
18.1000000000000	3.49041634693870
18.2000000000000	3.50384741402939
18.3000000000000	3.51647243273934
18.4000000000000	3.52827120573182
18.5000000000000	3.53922485748698
18.6000000000000	3.54931586449865
18.7000000000000	3.55852808330827
18.8000000000000	3.56684677633089
18.9000000000000	3.57425863543225
19	3.58075180321889
19.1000000000000	3.58631589200749
19.2000000000000	3.59094200044294
19.3000000000000	3.59462272773857
19.4000000000000	3.59735218551591
19.5000000000000	3.59912600722476
19.6000000000000	3.59994135512879
19.7000000000000	3.59979692484526
19.8000000000000	3.59869294743184
19.9000000000000	3.59663118901688
20	3.59361494797403
20.1000000000000	3.58964904964552
20.2000000000000	3.58473983862266
20.3000000000000	3.57889516859585
20.4000000000000	3.57212438979034
20.5000000000000	3.56443833400786
20.6000000000000	3.55584929729806
20.7000000000000	3.54637102028744
20.8000000000000	3.53601866619729
20.9000000000000	3.52480879658578
21	3.51275934485297
21.1000000000000	3.49988958755122
21.2000000000000	3.48622011354681
21.3000000000000	3.47177279108216
21.4000000000000	3.45657073279126
21.5000000000000	3.44063825872447
21.6000000000000	3.42400085744153
21.7000000000000	3.40668514523537
21.8000000000000	3.38871882355171
21.9000000000000	3.37013063467263
22	3.35095031573506
22.1000000000000	3.33120855115772
22.2000000000000	3.31093692355259
22.3000000000000	3.29016786319944
22.4000000000000	3.26893459616435
22.5000000000000	3.24727109114505
22.6000000000000	3.22521200512828
22.7000000000000	3.20279262794596
22.8000000000000	3.18004882581905
22.9000000000000	3.15701698397920
23	3.13373394846015
23.1000000000000	3.11023696715195
23.2000000000000	3.08656363021227
23.3000000000000	3.06275180993018
23.4000000000000	3.03883960013854
23.5000000000000	3.01486525527201
23.6000000000000	2.99086712916814
23.7000000000000	2.96688361370935
23.8000000000000	2.94295307740418
23.9000000000000	2.91911380400580
24	2.89540393126621
24.1000000000000	2.87186138992396
24.2000000000000	2.84852384302304
24.3000000000000	2.82542862566011
24.4000000000000	2.80261268525620
24.5000000000000	2.78011252244884
24.6000000000000	2.75796413269874
24.7000000000000	2.73620294870475
24.8000000000000	2.71486378371913
24.9000000000000	2.69398077585375
25	2.67358733346638
25.1000000000000	2.65371608171447
25.2000000000000	2.63439881036186
25.3000000000000	2.61566642292191
25.4000000000000	2.59754888721850
25.5000000000000	2.58007518744387
25.6000000000000	2.56327327779016
25.7000000000000	2.54717003772858
25.8000000000000	2.53179122900806
25.9000000000000	2.51716145444192
26	2.50330411854861
26.1000000000000	2.49024139010948
26.2000000000000	2.47799416670348
26.3000000000000	2.46658204127544
26.4000000000000	2.45602327079160
26.5000000000000	2.44633474703232
26.6000000000000	2.43753196956882
26.7000000000000	2.42962902096724
26.8000000000000	2.42263854425946
26.9000000000000	2.41657172271699
27	2.41143826196011
27.1000000000000	2.40724637443095
27.2000000000000	2.40400276625534
27.3000000000000	2.40171262651442
27.4000000000000	2.40037961894325
27.5000000000000	2.40000587606958
27.6000000000000	2.40059199580227
27.7000000000000	2.40213704047480
27.8000000000000	2.40463853834527
27.9000000000000	2.40809248755071
28	2.41249336250921
28.1000000000000	2.41783412275963
28.2000000000000	2.42410622422486
28.3000000000000	2.43129963288055
28.4000000000000	2.43940284080736
28.5000000000000	2.44840288460119
28.6000000000000	2.45828536611189
28.7000000000000	2.46903447547718
28.8000000000000	2.48063301641511
28.9000000000000	2.49306243373439
29	2.50630284301878
29.1000000000000	2.52033306243789
29.2000000000000	2.53513064663362
29.3000000000000	2.55067192262789
29.4000000000000	2.56693202769442
29.5000000000000	2.58388494913373
29.6000000000000	2.60150356588794
29.7000000000000	2.61975969192870
29.8000000000000	2.63862412134877
29.9000000000000	2.65806667508526
30	2.67805624919974