t Tu2 Tu4 Tu6
0	0	0	0
1.00000000000000e-05	1.20646543046358	0.618395794701987	0.415713151827324
2.00000000000000e-05	2.24480382146654	1.17933588986091	0.799454971685977
3.00000000000000e-05	3.11818432659717	1.67904440056366	1.14785124222801
4.00000000000000e-05	3.83071104096202	2.11456308770802	1.45806415394549
5.00000000000000e-05	4.38744096475093	2.48376632477518	1.72781159535839
6.00000000000000e-05	4.79437998266962	2.78536494519735	1.95537882715502
7.00000000000000e-05	5.05845849962721	3.01889928055858	2.13962263384753
8.00000000000000e-05	5.18748849199634	3.18472182570232	2.27996813819889
9.00000000000000e-05	5.19010383493423	3.28397008322215	2.37639855015140
0.000100000000000000	5.07568584817694	3.31853024561505	2.42943820231787
0.000110000000000000	4.85427606427279	3.29099246758028	2.44012929746702
0.000120000000000000	4.53647826363791	3.20459856273147	2.41000285914041
0.000130000000000000	4.13335183968221	3.06318302771536	2.34104443399492
0.000140000000000000	3.65629855449019	2.87110835194415	2.23565514320778
0.000150000000000000	3.11694472139619	2.63319561257980	2.09660871997310
0.000160000000000000	2.52702080582001	2.35465138196935	1.92700520054440
0.000170000000000000	1.89824037076535	2.04099198851130	1.73022195734628
0.000180000000000000	1.24218020952871	1.69796617219238	1.50986277442004
0.000190000000000000	0.570163406758435	1.33147716319592	1.26970566802789
0.000200000000000000	-0.106853048415795	0.947505186619436	1.01365014887673
0.000210000000000000	-0.778384605166077	0.552031359164199	0.745664607495527
0.000220000000000000	-1.43451810176023	0.150963895512078	0.469734481267861
0.000230000000000000	-2.06600213099650	-0.249932516063230	0.189811831029153
0.000240000000000000	-2.66432778977630	-0.645103376446033	-0.0902330823916994
0.000250000000000000	-3.22179895137468	-1.02926635937437	-0.366657675082084
0.000260000000000000	-3.73159137206018	-1.39746798031206	-0.635889873077085
0.000270000000000000	-4.18780011867312	-1.74513440179319	-0.894567458162397
0.000280000000000000	-4.58547497846107	-2.06811591775453	-1.13957354095635
0.000290000000000000	-4.92064368481976	-2.36272475346604	-1.36806783666378
0.000300000000000000	-5.19032296060433	-2.62576591336626	-1.57751348194607
0.000310000000000000	-5.39251754247917	-2.85456090515183	-1.76569919570749
0.000320000000000000	-5.52620750360754	-3.04696426364175	-1.93075665140781
0.000330000000000000	-5.59132433623994	-3.20137289106571	-2.07117299294419
0.000340000000000000	-5.58871638899695	-3.31672832040537	-2.18579848940414
0.000350000000000000	-5.52010437459476	-3.39251209421536	-2.27384938531505
0.000360000000000000	-5.38802777134985	-3.42873453201865	-2.33490606169558
0.000370000000000000	-5.19578303514389	-3.42591723405633	-2.36890667859355
0.000380000000000000	-4.94735461695229	-3.38506973712318	-2.37613652128189
0.000390000000000000	-4.64733984406403	-3.30766079879527	-2.35721331935289
0.000400000000000000	-4.30086877047959	-3.19558483902459	-2.31306885014904
0.000410000000000000	-3.91352013359798	-3.05112411242472	-2.24492717491747
0.000420000000000000	-3.49123457032387	-2.87690722030510	-2.15427988747659
0.000430000000000000	-3.04022624645984	-2.67586459845217	-2.04285878081570
0.000440000000000000	-2.56689403919426	-2.45118163474016	-1.91260635677153
0.000450000000000000	-2.07773338431983	-2.20625007993638	-1.76564461767811
0.000460000000000000	-1.57924985834021	-1.94461841570389	-1.60424258668144
0.000470000000000000	-1.07787551180398	-1.66994183606516	-1.43078300534015
0.000480000000000000	-0.579888905128941	-1.38593248283285	-1.24772865335609
0.000490000000000000	-0.0913397230348729	-1.09631055219172	-1.05758872602285
0.000500000000000000	0.382021240233556	-0.804756859258175	-0.862885690535279
0.000510000000000000	0.834806024094321	-0.514867410657492	-0.666123023012614
0.000520000000000000	1.26204676985839	-0.230110492606538	-0.469754204349395
0.000530000000000000	1.65924581268952	0.0462132656090947	-0.276153325258894
0.000540000000000000	2.02241820121768	0.311007444763478	-0.0875876195902977
0.000550000000000000	2.34812635571794	0.561412652813968	0.0938077893126232
0.000560000000000000	2.63350668309508	0.794835311493454	0.266052681259340
0.000570000000000000	2.87628807321522	1.00897217780642	0.427341861690888
0.000580000000000000	3.07480230508792	1.20183042688979	0.576062444999348
0.000590000000000000	3.22798649178500	1.37174318398810	0.710808170746297
0.000600000000000000	3.33537778863009	1.51738045406448	0.830390666201878
0.000610000000000000	3.39710067904675	1.63775545707488	0.933847609776559
0.000620000000000000	3.41384723556089	1.73222643446519	1.02044779034315
0.000630000000000000	3.38685082897674	1.80049404734659	1.08969309666170
0.000640000000000000	3.31785382597166	1.84259453845624	1.14131750866891
0.000650000000000000	3.20906987369461	1.85888887787027	1.17528319785710
0.000660000000000000	3.06314141894974	1.85004815602172	1.19177387696420
0.000670000000000000	2.88309314887520	1.81703552647265	1.19118556938919
0.000680000000000000	2.67228206949596	1.76108503475663	1.17411499584492
0.000690000000000000	2.43434495807476	1.68367769817615	1.14134579951782
0.000700000000000000	2.17314393487309	1.58651522451800	1.09383285123034
0.000710000000000000	1.89271089995092	1.47149177511936	1.03268489265086
0.000720000000000000	1.59719157128207	1.34066418953626	0.959145788377300
0.000730000000000000	1.29078984215436	1.19622109526285	0.874574666691157
0.000740000000000000	0.977713149069602	1.04045132662394	0.780425233945979
0.000750000000000000	0.662119506761543	0.875712072279643	0.678224548973154
0.000760000000000000	0.348066825189300	0.704397160967961	0.569551541658208
0.000770000000000000	0.0394650751922100	0.528905880453385	0.456015554106071
0.000780000000000000	-0.259968184285583	0.351612705484036	0.339235173756136
0.000790000000000000	-0.546748463021779	0.174838287270275	0.220817615646450
0.000800000000000000	-0.817660788411429	0.000822030006202414	0.102338896011433
0.000810000000000000	-1.06979161980596	-0.168303450280903	-0.0146749781915682
0.000820000000000000	-1.30055596907287	-0.330535722267327	-0.128765599092848
0.000830000000000000	-1.50771953668918	-0.484023564229360	-0.238558344135566
0.000840000000000000	-1.68941574145343	-0.627085427277701	-0.342776999219379
0.000850000000000000	-1.84415759003601	-0.758225185137788	-0.440256683961285
0.000860000000000000	-1.97084439924893	-0.876145057618800	-0.529954969885772
0.000870000000000000	-2.06876344831241	-0.979755634042016	-0.610961108536601
0.000880000000000000	-2.13758669978674	-1.06818296172175	-0.682503312902398
0.000890000000000000	-2.17736278554818	-1.14077270263031	-0.743954061828694
0.000900000000000000	-2.18850450760542	-1.19709139817871	-0.794833422923038
0.000910000000000000	-2.17177215214307	-1.23692491718269	-0.834810414536507
0.000920000000000000	-2.12825295848030	-1.26027419516967	-0.863702451432358
0.000930000000000000	-2.05933712226975	-1.26734840386451	-0.881472941461932
0.000940000000000000	-1.96669074393701	-1.25855571766029	-0.888227121714199
0.000950000000000000	-1.85222615886626	-1.23449186886845	-0.884206241972651
0.000960000000000000	-1.71807010504420	-1.19592670532939	-0.869780220713174
0.000970000000000000	-1.56653019674085	-1.14378898237758	-0.845438914152335
0.000980000000000000	-1.40006017936969	-1.07914963606850	-0.811782151882189
0.000990000000000000	-1.22122444104581	-1.00320379591074	-0.769508703311703
0.00100000000000000	-1.03266225074192	-0.917251803076145	-0.719404347415935
0.00101000000000000	-0.837052181585387	-0.822679504199447	-0.662329224143615
0.00102000000000000	-0.637077161070464	-0.720938091488140	-0.599204649254600
0.00103000000000000	-0.435390568159378	-0.613523757046722	-0.530999575384471
0.00104000000000000	-0.234583770846805	-0.501957423220127	-0.458716880826872
0.00105000000000000	-0.0371554672421029	-0.387764801559508	-0.383379663974759
0.00106000000000000	0.154516840904128	-0.272457020923094	-0.306017715685086
0.00107000000000000	0.338202950494568	-0.157512050488700	-0.227654334165969
0.00108000000000000	0.511843383157652	-0.0443571263412307	-0.149293637490163
0.00109000000000000	0.673569924668092	0.0656476289009876	-0.0719085176908389
0.00110000000000000	0.821723110235660	0.171224224936480	0.00357063221239640
0.00111000000000000	0.954866531887322	0.271190315061128	0.0762663007729810
0.00112000000000000	1.07179788805355	0.364471077401939	0.145363247683347
0.00113000000000000	1.17155673897816	0.450109367994935	0.210116813494787
0.00114000000000000	1.25342897416683	0.527274072433123	0.269860078962566
0.00115000000000000	1.31694803926549	0.595266607785052	0.324009820184776
0.00116000000000000	1.36189300904188	0.653525551280016	0.372071222551820
0.00117000000000000	1.38828363009824	0.701629396566460	0.413641333306574
0.00118000000000000	1.39637249117745	0.739297461884375	0.448411249023576
0.00119000000000000	1.38663451009476	0.766388996979088	0.476167050350632
0.00120000000000000	1.35975395413642	0.782900556773068	0.496789511730437
0.00121000000000000	1.31660923497099	0.788961729477885	0.510252628361131
0.00122000000000000	1.25825573952809	0.784829324771419	0.516621016205917
0.00123000000000000	1.18590697477537	0.770880143713856	0.516046253284152
0.00124000000000000	1.10091431678419	0.747602466087959	0.508762241648438
0.00125000000000000	1.00474566288776	0.715586402712083	0.495079679273276
0.00126000000000000	0.898963290123568	0.675513269907403	0.475379739469752
0.00127000000000000	0.785201223587005	0.628144150652031	0.450107062337031
0.00128000000000000	0.665142414923431	0.574307812004475	0.419762168125335
0.00129000000000000	0.540496024116005	0.514888151135344	0.384893406197409
0.00130000000000000	0.412975087190262	0.450811342807375	0.346088555537279
0.00131000000000000	0.284274838695795	0.383032859454538	0.303966193486356
0.00132000000000000	0.156051941115368	0.312524531220946	0.259166948627305
0.00133000000000000	0.0299048539950009	0.240261807544041	0.212344751541350
0.00134000000000000	-0.0926444460871490	0.167211374238900	0.164158193608369
0.00135000000000000	-0.210167207245395	0.0943192707158886	0.115262099188325
0.00136000000000000	-0.321342943499964	0.0224996411132403	0.0662994105186607
0.00137000000000000	-0.424972639783618	-0.0473757590661523	0.0178934775973757
0.00138000000000000	-0.519990012426546	-0.114487192562505	-0.0293591626817286
0.00139000000000000	-0.605470744686052	-0.178075612240291	-0.0748954426865819
0.00140000000000000	-0.680639644902379	-0.237450296284122	-0.118191789525646
0.00141000000000000	-0.744875702654066	-0.291995383283805	-0.158769463890906
0.00142000000000000	-0.797715045512364	-0.341175259624934	-0.196199166711579
0.00143000000000000	-0.838851825330024	-0.384538767542711	-0.230104878713567
0.00144000000000000	-0.868137088141577	-0.421722218034139	-0.260166908732396
0.00145000000000000	-0.885575705421661	-0.452451208360981	-0.286124137344870
0.00146000000000000	-0.891321466393024	-0.476541258926920	-0.307775452933731
0.00147000000000000	-0.885670451075518	-0.493897298703262	-0.324980387552622
0.00148000000000000	-0.869052821630309	-0.504512041947907	-0.337658969795909
0.00149000000000000	-0.842023185123327	-0.508463311567099	-0.345790821188643
0.00150000000000000	-0.805249693983940	-0.505910375980907	-0.349413531295908
0.00151000000000000	-0.759502061080467	-0.497089376660577	-0.348620354717985
0.00152000000000000	-0.705638674417928	-0.482307932517416	-0.343557280311012
0.00153000000000000	-0.644593001964615	-0.461939014965995	-0.334419529286331
0.00154000000000000	-0.577359480044629	-0.436414193706201	-0.321447544243751
0.00155000000000000	-0.504979079137903	-0.406216358035456	-0.304922535644676
0.00156000000000000	-0.428524738881300	-0.371872021800086	-0.285161655704751
0.00157000000000000	-0.349086859667935	-0.333943321928410	-0.262512872169499
0.00158000000000000	-0.267759031625674	-0.293019820880148	-0.237349615929883
0.00159000000000000	-0.185624173073128	-0.249710222338410	-0.210065276950743
0.00160000000000000	-0.103741239976951	-0.204634107117925	-0.181067622547563
0.00161000000000000	-0.0231326556602545	-0.158413792638842	-0.150773210691794
0.00162000000000000	0.0552274037533369	-0.111666414504627	-0.119601868797726
0.00163000000000000	0.130423747711980	-0.0649963228235000	-0.0879713054004203
0.00164000000000000	0.201609829054651	-0.0189878790338358	-0.0562919183383183
0.00165000000000000	0.268016233792403	0.0258012687475077	-0.0249618585774289
0.00166000000000000	0.328957932821565	0.0688463623141329	0.00563759626596111
0.00167000000000000	0.383840243323663	0.109661101443939	0.0351463102470775
0.00168000000000000	0.432163465489662	0.147802552566778	0.0632291568353567
0.00169000000000000	0.473526177957224	0.182875357035866	0.0895794500315998
0.00170000000000000	0.507627192751200	0.214535208117378	0.113921909442890
0.00171000000000000	0.534266187360388	0.242491575987528	0.136015136689702
0.00172000000000000	0.553343047674261	0.266509670141525	0.155653587381405
0.00173000000000000	0.564855970662533	0.286411638548361	0.172669029740449
0.00174000000000000	0.568898389746878	0.302077012510535	0.186931487696103
0.00175000000000000	0.565654798645553	0.313442415397116	0.198349672824287
0.00176000000000000	0.555395560944821	0.320500562108872	0.206870915804255
0.00177000000000000	0.538470802665290	0.323298584212993	0.212480614024169
0.00178000000000000	0.515303493565660	0.321935723069432	0.215201217532229
0.00179000000000000	0.486381829803432	0.316560439890179	0.215090780639734
0.00180000000000000	0.452251035815184	0.307366997467837	0.212241111087597
0.00181000000000000	0.413504706873976	0.294591573233381	0.206775552746495
0.00182000000000000	0.370775815734662	0.278507967320780	0.198846441298852
0.00183000000000000	0.324727507116674	0.259422972406202	0.188632275223018
0.00184000000000000	0.276043802544839	0.237671474241743	0.176334646648974
0.00185000000000000	0.225420335336675	0.213611353021108	0.162174978272467
0.00186000000000000	0.173555231371384	0.187618256011133	0.146391113499581
0.00187000000000000	0.121140245798079	0.160080311283726	0.129233807354511
0.00188000000000000	0.0688522591498236	0.131392850923897	0.110963165434351
0.00189000000000000	0.0173452285476073	0.101953209815971	0.0918450773588210
0.00190000000000000	-0.0327573190625478	0.0721556630764406	0.0721476897687073
0.00191000000000000	-0.0808691742560982	0.0423865614703025	0.0521379620095616
0.00192000000000000	-0.126447645909031	0.0130197197868708	0.0320783452378610
0.00193000000000000	-0.168999019013446	-0.0155878917639756	0.0122236228501422
0.00194000000000000	-0.208083224259293	-0.0431001084645524	-0.00718205308841476
0.00195000000000000	-0.243317685456771	-0.0692051454229223	-0.0259078982983162
0.00196000000000000	-0.274380322288451	-0.0936187525287957	-0.0437389783436575
0.00197000000000000	-0.301011697217816	-0.116086923543886	-0.0604784130749531
0.00198000000000000	-0.323016306502714	-0.136388139283810	-0.0759492844630441
0.00199000000000000	-0.340263026033544	-0.154335131342770	-0.0899962331610272
0.00200000000000000	-0.352684733013628	-0.169776159272427	-0.102486733510013
0.00201000000000000	-0.360277134207588	-0.182595800471968	-0.113312041074800
0.00202000000000000	-0.363096840499638	-0.192715258201666	-0.122387811102496
0.00203000000000000	-0.361258735735517	-0.200092199025244	-0.129654390488809
0.00204000000000000	-0.354932695190708	-0.204720136551640	-0.135076789863575
0.00205000000000000	-0.344339715447757	-0.206627383524333	-0.138644346223975
0.00206000000000000	-0.329747522925615	-0.205875599043370	-0.140370090109422
0.00207000000000000	-0.311465732745643	-0.202557961956064	-0.140289834589020
0.00208000000000000	-0.289840633018721	-0.196797005178467	-0.138461006288870
0.00209000000000000	-0.265249671985866	-0.188742148881322	-0.134961241295408
0.00210000000000000	-0.238095726744314	-0.178566973068282	-0.129886771009994
0.00211000000000000	-0.208801232558889	-0.166466272076746	-0.123350624883251
0.00212000000000000	-0.177802251023913	-0.152652934935854	-0.115480678413446
0.00213000000000000	-0.145542553644636	-0.137354696323346	-0.106417575846111
0.00214000000000000	-0.112467794800738	-0.120810803081713	-0.0963125576613869
0.00215000000000000	-0.0790198445995068	-0.103268640900067	-0.0853252231857260
0.00216000000000000	-0.0456313478931295	-0.0849803648642131	-0.0736212585252842
0.00217000000000000	-0.0127205708004308	-0.0661995761517050	-0.0613701595032833
0.00218000000000000	0.0193134094767903	-0.0471780852362796	-0.0487429784113347
0.00219000000000000	0.0500951218301642	-0.0281627996055882	-0.0359101221775016
0.00220000000000000	0.0792766822128666	-0.00939277123221407	-0.0230392280371668
0.00221000000000000	0.106541302048376	0.00890356408254979	-0.0102931409957189
0.00222000000000000	0.131606294820465	0.0265109267991855	0.00217198467400720
0.00223000000000000	0.154225558821373	0.0432294881508089	0.0142084399181578
0.00224000000000000	0.174191521320706	0.0588768979391219	0.0256785538324629
0.00225000000000000	0.191336536658989	0.0732900285020602	0.0364561100828642
0.00226000000000000	0.205533737877425	0.0863264218503461	0.0464275745541682
0.00227000000000000	0.216697348384029	0.0978654311151156	0.0554931247264729
0.00228000000000000	0.224782466746045	0.107809051574247	0.0635674740732783
0.00229000000000000	0.229784343916015	0.116082440580415	0.0705804875658562
0.00230000000000000	0.231737177977439	0.122634129649729	0.0764775871203012
0.00231000000000000	0.230712456776866	0.127435935740902	0.0812199485036181
0.00232000000000000	0.226816883541620	0.130482582318576	0.0847844937915207
0.00233000000000000	0.220189924724040	0.131791044112463	0.0871636859143465
0.00234000000000000	0.211001022830451	0.131399632522682	0.0883651341119363
0.00235000000000000	0.199446519861526	0.129366841350979	0.0884110212197844
0.00236000000000000	0.185746339194802	0.125769974933552	0.0873373656066492
0.00237000000000000	0.170140475272751	0.120703582793745	0.0851931322605190
0.00238000000000000	0.152885341323006	0.114277726607648	0.0820392089613187
0.00239000000000000	0.134250025541414	0.106616106573093	0.0779472646742237
0.00240000000000000	0.114512505731641	0.0978540751882836	0.0729985082397636
0.00241000000000000	0.0939558713426244	0.0881365669805195	0.0672823661218791
0.00242000000000000	0.0728646002102781	0.0776159728841638	0.0608950984026582
0.00243000000000000	0.0515209351310373	0.0664499877591771	0.0539383723849381
0.00244000000000000	0.0302014027168581	0.0547994589819082	0.0465178130873437
0.00245000000000000	0.00917351385352645	0.0428262631463389	0.0387415495996440
0.00246000000000000	-0.0113073184398757	0.0306912367085164	0.0307187757207566
0.00247000000000000	-0.0310006118160185	0.0185521849140535	0.0225583425415243
0.00248000000000000	-0.0496833702780452	0.00656199159680422	0.0143673996761220
0.00249000000000000	-0.0671523393039476	-0.00513314954406383	0.00625010070737649
0.00250000000000000	-0.0832259415086108	-0.0163953637594424	-0.00169361288711218
0.00251000000000000	-0.0977458785511775	-0.0270965680698005	-0.00936913649809488
0.00252000000000000	-0.110578389645380	-0.0371197744705897	-0.0166882245604354
0.00253000000000000	-0.121615161655456	-0.0463602124685299	-0.0235699005109996
0.00254000000000000	-0.130773890302424	-0.0547262625154556	-0.0299412466137020
0.00255000000000000	-0.137998496410772	-0.0621401945517653	-0.0357380674976614
0.00256000000000000	-0.143259005342523	-0.0685387085061227	-0.0409054230376493
0.00257000000000000	-0.146551101747139	-0.0738732761895121	-0.0453980279875718
0.00258000000000000	-0.147895375459335	-0.0781102865386272	-0.0491805175361738
0.00259000000000000	-0.147336277764367	-0.0812309985763655	-0.0522275796674515
0.00260000000000000	-0.144940810289481	-0.0832313087393524	-0.0545239568564405
0.00261000000000000	-0.140796971443328	-0.0841213413486009	-0.0560643211955803
0.00262000000000000	-0.135011987590868	-0.0839248729485323	-0.0568530285104903
0.00263000000000000	-0.127710358003531	-0.0826786029920653	-0.0569037583715639
0.00264000000000000	-0.119031744052727	-0.0804312848899284	-0.0562390481260648
0.00265000000000000	-0.109128734114945	-0.0772427327577116	-0.0548897301529502
0.00266000000000000	-0.0981645162291175	-0.0731827202753236	-0.0528942824705429
0.00267000000000000	-0.0863104906983644	-0.0683297889138505	-0.0502981035984035
0.00268000000000000	-0.0737438545696215	-0.0627699833817780	-0.0471527231842815
0.00269000000000000	-0.0606451892725403	-0.0565955324957817	-0.0435149603528639
0.00270000000000000	-0.0471960816736561	-0.0499034937946055	-0.0394460420140080
0.00271000000000000	-0.0335768074282459	-0.0427943800935986	-0.0350106934865097
0.00272000000000000	-0.0199641038182981	-0.0353707858313863	-0.0302762137526132
0.00273000000000000	-0.00652905728254715	-0.0277360305003896	-0.0253115474636718
0.00274000000000000	0.00656487139295431	-0.0199928356931343	-0.0201863654766875
0.00275000000000000	0.0191636637109906	-0.0122420513524617	-0.0149701652226710
0.00276000000000000	0.0311243840500002	-0.00458144570347940	-0.00973140160242309
0.00277000000000000	0.0423166291039670	0.00289542791237609	-0.00453665838413837
0.00278000000000000	0.0526237739587480	0.0101002754649158	0.000550130746706895
0.00279000000000000	0.0619440055319643	0.0169510075778206	0.00546840324770396
0.00280000000000000	0.0701911370715968	0.0233725770124208	0.0101616236406337
0.00281000000000000	0.0772952003619036	0.0292977011523673	0.0145778680920172
0.00282000000000000	0.0832028151881479	0.0346674640211028	0.0186703325446748
0.00283000000000000	0.0878773384285707	0.0394317940519827	0.0223977604150153
0.00284000000000000	0.0912987978404285	0.0435498155136836	0.0257247870082204
0.00285000000000000	0.0934636181565617	0.0469900731491842	0.0286221989414366
0.00286000000000000	0.0943841494824832	0.0497306311961992	0.0310671079881643
0.00287000000000000	0.0940880101568472	0.0517590495006149	0.0330430398526818
0.00288000000000000	0.0926172581897595	0.0530722408957580	0.0345399394374791
0.00289000000000000	0.0900274071057204	0.0536762153829594	0.0355540951684918
0.00290000000000000	0.0863863034772005	0.0535857178987505	0.0360879858804578
0.00291000000000000	0.0817728846308521	0.0528237675794493	0.0361500546289365
0.00292000000000000	0.0762758359336468	0.0514211074241034	0.0357544145773929
0.00293000000000000	0.0699921677186172	0.0494155741037469	0.0349204928003525
0.00294000000000000	0.0630257322890164	0.0468513983627830	0.0336726184407627
0.00295000000000000	0.0554857015497795	0.0437784470024211	0.0320395621570694
0.00296000000000000	0.0474850256632665	0.0402514178251237	0.0300540341900431
0.00297000000000000	0.0391388927223835	0.0363289991522795	0.0277521486690187
0.00298000000000000	0.0305632087915067	0.0320730056073459	0.0251728619620557
0.00299000000000000	0.0218731167996992	0.0275475017870076	0.0223573929553057
0.00300000000000000	0.0131815716994551	0.0228179252290160	0.0193486331256480
0.00301000000000000	0.00459798804758252	0.0179502197349758	0.0161905541516075
0.00302000000000000	-0.00377302525547423	0.0130099896274886	0.0129276205942153
0.00303000000000000	-0.0118328298926164	0.00806168492440008	0.00960421487870435
0.00304000000000000	-0.0194898112257496	0.00316782670934298	0.00626408142507320
0.00305000000000000	-0.0266603098318803	-0.00161171882031858	0.00294979631899691
0.00306000000000000	-0.0332694235876442	-0.00622041002696320	-0.000297731608214910
0.00307000000000000	-0.0392516742876813	-0.0106056365738148	-0.00343972300208937
0.00308000000000000	-0.0445515346765440	-0.0147192575815709	-0.00643994884970933
0.00309000000000000	-0.0491238136599693	-0.0185180665895623	-0.00926510599375608
0.00310000000000000	-0.0529338993164073	-0.0219641797766599	-0.0118851439994105
0.00311000000000000	-0.0559578611309284	-0.0250253449745522	-0.0142735407936838
0.00312000000000000	-0.0581824146003123	-0.0276751700804252	-0.0164075252226013
0.00313000000000000	-0.0596047529907534	-0.0298932705342190	-0.0182682453980790
0.00314000000000000	-0.0602322525506161	-0.0316653365545687	-0.0198408824240244
0.00315000000000000	-0.0600820588745077	-0.0329831218153725	-0.0211147097914451
0.00316000000000000	-0.0591805633679457	-0.0338443561805895	-0.0220830994068386
0.00317000000000000	-0.0575627798628643	-0.0342525859878558	-0.0227434758593539
0.00318000000000000	-0.0552716323740293	-0.0342169461733265	-0.0230972211329286
0.00319000000000000	-0.0523571657582663	-0.0337518692524705	-0.0231495325236825
0.00320000000000000	-0.0488756916380536	-0.0328767368082752	-0.0229092370246488
0.00321000000000000	-0.0448888823761418	-0.0316154796835822	-0.0223885658851188
0.00322000000000000	-0.0404628261386935	-0.0299961335245473	-0.0216028934359659
0.00323000000000000	-0.0356670561633359	-0.0280503566746978	-0.0205704445933066
0.00324000000000000	-0.0305735672598843	-0.0258129176722200	-0.0193119757077812
0.00325000000000000	-0.0252558323216631	-0.0233211597571369	-0.0178504336152653
0.00326000000000000	-0.0197878312227318	-0.0206144498510251	-0.0162105978659847
0.00327000000000000	-0.0142431039304324	-0.0177336194320720	-0.0144187111639738
0.00328000000000000	-0.00869383898548342	-0.0147204045965496	-0.0125021030386512
0.00329000000000000	-0.00321000770521469	-0.0116168923782124	-0.0104888116971170
0.00330000000000000	0.00214144643587434	-0.00846498009561088	-0.00840720887292312
0.00331000000000000	0.00729735478632952	-0.00530585412010117	-0.00628563229753542
0.00332000000000000	0.0121989994641938	-0.00217949401154714	-0.00415203017901330
0.00333000000000000	0.0167927120019354	0.000875792537865271	-0.00203362178333901
0.00334000000000000	0.0210303895923489	0.00382379907037131	4.34221179476415e-05
0.00335000000000000	0.0248699250352943	0.00663080976145140	0.00205427553868841
0.00336000000000000	0.0282755476939610	0.00926594520999530	0.00397572731214604
0.00337000000000000	0.0312180739740507	0.0117014616425094	0.00578642229739093
0.00338000000000000	0.0336750670244072	0.0139130012340917	0.00746707163119972
0.00339000000000000	0.0356309065095942	0.0158797919363772	0.00900063035491233
0.00340000000000000	0.0370767704096666	0.0175847958887125	0.0103724412090483
0.00341000000000000	0.0380105318477156	0.0190148061650379	0.0115703438521537
0.00342000000000000	0.0384365749205666	0.0201604922666464	0.0125847492188344
0.00343000000000000	0.0383655344019069	0.0210163954032935	0.0134086791796599
0.00344000000000000	0.0378139649916654	0.0215808752038314	0.0140377720970249
0.00345000000000000	0.0368039464932997	0.0218560100572691	0.0144702552815491
0.00346000000000000	0.0353626319057374	0.0218474537991146	0.0147068857383981
0.00347000000000000	0.0335217459150352	0.0215642519217589	0.0147508609481989
0.00348000000000000	0.0313170416590497	0.0210186208967733	0.0146077017492785
0.00349000000000000	0.0287877239154884	0.0202256945481935	0.0142851096739510
0.00350000000000000	0.0259758470293831	0.0192032417062952	0.0137928013388490
0.00351000000000000	0.0229256959519533	0.0179713595995469	0.0131423226961674
0.00352000000000000	0.0196831587114978	0.0165521476073328	0.0123468461176513
0.00353000000000000	0.0162950984827359	0.0149693660973301	0.0114209534055533
0.00354000000000000	0.0128087331686628	0.0132480851106287	0.0103804079043997
0.00355000000000000	0.00927103006519915	0.0114143276349470	0.00924191892452215
0.00356000000000000	0.00572812275061322	0.00949471212542726	0.00802290168397856
0.00357000000000000	0.00222475683696625	0.00751609879491436	0.00674123593071633
0.00358000000000000	-0.00119622935139526	0.00550524400586442	0.00541502632399325
0.00359000000000000	-0.00449438373788332	0.00348846685749970	0.00406236753475988
0.00360000000000000	-0.00763207433694321	0.00149133177950000	0.00270111687221752
0.00361000000000000	-0.0105748739427550	-0.000461649378067458	0.00134867706053126
0.00362000000000000	-0.0132918923713219	-0.00234729262410537	2.17915793194495e-05
0.00363000000000000	-0.0157560537275892	-0.00414399172413990	-0.00126364525259389
0.00364000000000000	-0.0179443169406176	-0.00583194037143501	-0.00249276152486279
0.00365000000000000	-0.0198378385791242	-0.00739332470937744	-0.00365186265986984
0.00366000000000000	-0.0214220777170957	-0.00881248471673252	-0.00472856664134047
0.00367000000000000	-0.0226868433556181	-0.0100760434058990	-0.00571191846618314
0.00368000000000000	-0.0236262856140258	-0.0111730032225380	-0.00659248303401717
0.00369000000000000	-0.0242388325727208	-0.0120948094668587	-0.00736241598476215
0.00370000000000000	-0.0245270752747355	-0.0128353809774842	-0.00801551228772836
0.00371000000000000	-0.0244976039662738	-0.0133911087232339	-0.00854723267171504
0.00372000000000000	-0.0241607991732110	-0.0137608233315492	-0.00895470826163389
0.00373000000000000	-0.0235305816653235	-0.0139457329409022	-0.00923672404999237
0.00374000000000000	-0.0226241257498819	-0.0139493330941108	-0.00939368207794161
0.00375000000000000	-0.0214615406575650	-0.0137772906872781	-0.00942754542854153
0.00376000000000000	-0.0200655250352629	-0.0134373042520423	-0.00934176434142145
0.00377000000000000	-0.0184609997406432	-0.0129389430749188	-0.00914118594188786
0.00378000000000000	-0.0166747242427656	-0.0122934678448497	-0.00883194923663205
0.00379000000000000	-0.0147349019722477	-0.0115136356678099	-0.00842136716145559
0.00380000000000000	-0.0126707799350797	-0.0106134923945178	-0.00791779757321892
0.00381000000000000	-0.0105122478090885	-0.00960815527425427	-0.00733050515771460
0.00382000000000000	-0.00828944158400263	-0.00851358897439271	-0.00666951627723115
0.00383000000000000	-0.00603235658953307	-0.00734637799317303	-0.00594546880685679
0.00384000000000000	-0.00377047448511279	-0.00612349844314151	-0.00516945900684828
0.00385000000000000	-0.00153240846511293	-0.00486209209679001	-0.00435288745142171
0.00386000000000000	0.000654429429807761	-0.00357924546638993	-0.00350730598231184
0.00387000000000000	0.00276413540535224	-0.00229177653937431	-0.00264426758074189
0.00388000000000000	0.00477259235239614	-0.00101603161159566	-0.00177518095491700
0.00389000000000000	0.00665771703100423	0.000232305543073645	-0.000911171524248496
0.00390000000000000	0.00839967387394651	0.00143839015429466	-6.29503481181717e-05
0.00391000000000000	0.00998105377102276	0.00258837681915504	0.000759307601872825
0.00392000000000000	0.0113870166877384	0.00366956223841056	0.00154607458874438
0.00393000000000000	0.0126053974631729	0.00467050908425173	0.00228856961085446
0.00394000000000000	0.0136267746157796	0.00558115003543165	0.00297884537131355
0.00395000000000000	0.0144445024567290	0.00639287129543117	0.00360986201659873
0.00396000000000000	0.0150547072627619	0.00709857518919512	0.00417554713328853
0.00397000000000000	0.0154562486889665	0.00769272170978846	0.00467084168087469
0.00398000000000000	0.0156506480022354	0.00817134915546346	0.00509173172583619
0.00399000000000000	0.0156419850837011	0.00853207425616528	0.00543526602489132
0.00400000000000000	0.0154367664802398	0.00877407243408937	0.00569955968207587
0.00401000000000000	0.0150437670774321	0.00889803907256199	0.00588378427235042
0.00402000000000000	0.0144738482173842	0.00890613287895618	0.00598814498236052
0.00403000000000000	0.0137397552921658	0.00880190261844273	0.00601384546509947
0.00404000000000000	0.0128558980064729	0.00859019866443184	0.00596304123772650
0.00405000000000000	0.0118381166205622	0.00827707095706067	0.00583878256992383
0.00406000000000000	0.0107034375565530	0.00786965508194086	0.00564494791260676
0.00407000000000000	0.00946982177858433	0.00737604827698709	0.00538616900259199
0.00408000000000000	0.00815590934062069	0.00680517724487306	0.00506774884806512
0.00409000000000000	0.00678076343715264	0.00616665969263468	0.00469557385098753
0.00410000000000000	0.00536361719312764	0.00547066153838338	0.00427602135710756
0.00411000000000000	0.00392362629304594	0.00472775171841245	0.00381586394086154
0.00412000000000000	0.00247963037800700	0.00394875649735183	0.00332217173251069
0.00413000000000000	0.00104992593692590	0.00314461513024324	0.00280221407818178
0.00414000000000000	-0.000347946812481068	0.00232623865025479	0.00226336179136843
0.00415000000000000	-0.00169740081186686	0.00150437346044313	0.00171299120716831
0.00416000000000000	-0.00298298085347849	0.000689471294699374	0.00115839118984846
0.00417000000000000	-0.00419052239918914	-0.000108433016443002	0.000606674170797227
0.00418000000000000	-0.00530728915492208	-0.000879834682970813	6.46922093865395e-05
0.00419000000000000	-0.00632208833866607	-0.00161586185838933	-0.000461041025325195
0.00420000000000000	-0.00722536289436746	-0.00230836733623547	-0.000964421556824428
0.00421000000000000	-0.00800926021769110	-0.00295000823923255	-0.00143981900168157
0.00422000000000000	-0.00866767726882317	-0.00353431307664642	-0.00188213249751225
0.00423000000000000	-0.00919628224860600	-0.00405573572404878	-0.00228683820578166
0.00424000000000000	-0.00959251330361638	-0.00450969605819277	-0.00265002805712362
0.00425000000000000	-0.00985555500016823	-0.00489260715615828	-0.00296843952755567
0.00426000000000000	-0.00998629356372958	-0.00520188913975856	-0.00323947635349473
0.00427000000000000	-0.00998725211592055	-0.00543596991183342	-0.00346122021031813
0.00428000000000000	-0.00986250735427167	-0.00559427318802175	-0.00363243349229138
0.00429000000000000	-0.00961758930781726	-0.00567719437496834	-0.00375255343919588
0.00430000000000000	-0.00925936596312543	-0.00568606498135800	-0.00382167795618178
0.00431000000000000	-0.00879591468923994	-0.00562310637088100	-0.00384054356698091
0.00432000000000000	-0.00823638249533553	-0.00549137377487604	-0.00381049602580505
0.00433000000000000	-0.00759083723131946	-0.00529469157601057	-0.00373345418892771
0.00434000000000000	-0.00687011188916730	-0.00503758095238626	-0.00361186781298712
0.00435000000000000	-0.00608564418152826	-0.00472518103318433	-0.00344867000237191
0.00436000000000000	-0.00524931356503447	-0.00436316476248067	-0.00324722507264367
0.00437000000000000	-0.00437327783963957	-0.00395765069655506	-0.00301127263044191
0.00438000000000000	-0.00346981139343509	-0.00351511197280143	-0.00274486869279555
0.00439000000000000	-0.00255114707655991	-0.00304228368477860	-0.00245232467995452
0.00440000000000000	-0.00162932357959156	-0.00254606987912377	-0.00213814511648285
0.00441000000000000	-0.000716040063525424	-0.00203345135659165	-0.00180696486518173
0.00442000000000000	0.000177480357912665	-0.00151139541200990	-0.00146348669841095
0.00443000000000000	0.00104061684465549	-0.000986768587870829	-0.00111241998171339
0.00444000000000000	0.00186346550123552	-0.000466253444418852	-0.000758421206276562
0.00445000000000000	0.00263694141344274	4.37297329300170e-05	-0.000406037060278720
0.00446000000000000	0.00335286716474743	0.000537095459260053	-5.96506754812777e-05
0.00447000000000000	0.00400404714460874	0.00100815907796538	0.000276568374541762
0.00448000000000000	0.00458432716129137	0.00145169566456581	0.000598709813613630
0.00449000000000000	0.00508863907200235	0.00186299128977045	0.000903163698242962
0.00450000000000000	0.00551303034081226	0.00223788623747024	0.00118665638093858
0.00451000000000000	0.00585467862726955	0.00257280988722077	0.00144628110872373
0.00452000000000000	0.00611189169374646	0.00286480708501098	0.00167952304085979
0.00453000000000000	0.00628409309522505	0.00311155593853139	0.00188427854683316
0.00454000000000000	0.00637179427951877	0.00331137708325972	0.00205886872190724
0.00455000000000000	0.00637655387713916	0.00346323457146933	0.00220204713242154
0.00456000000000000	0.00630092509669152	0.00356672863687065	0.00231300187509692
0.00457000000000000	0.00614839226245779	0.00362208068192847	0.00239135210364075
0.00458000000000000	0.00592329763482956	0.00363011092175333	0.00243713924060073
0.00459000000000000	0.00563075974056595	0.00359220919728120	0.00245081315256658
0.00460000000000000	0.00527658450806599	0.00351029954016282	0.00243321362129201
0.00461000000000000	0.00486717055251960	0.00338679913216609	0.00238554749217198
0.00462000000000000	0.00440940998709001	0.00322457235207089	0.00230936192371478
0.00463000000000000	0.00391058614923168	0.00302688064311198	0.00220651419757007
0.00464000000000000	0.00337826962623056	0.00279732896343219	0.00207913857726176
0.00465000000000000	0.00282021394195155	0.00253980960109860	0.00192961072572558
0.00466000000000000	0.00224425222803567	0.00225844414364251	0.00176051020621464
0.00467000000000000	0.00165819614877238	0.00195752439052414	0.00157458159893449
0.00468000000000000	0.00106973828052039	0.00164145298532842	0.00137469476618472
0.00469000000000000	0.000486359065197220	0.00131468452356321	0.00116380479291654
0.00470000000000000	-8.47606353912828e-05	0.000981667862162120	0.000944912116987602
0.00471000000000000	-0.000636820460500374	0.000646790318736544	0.000721023344811521
0.00472000000000000	-0.00116347413398409	0.000314324403241952	0.000495113223922283
0.00473000000000000	-0.00165889501565909	-1.16223274958519e-05	0.000270088214483019
0.00474000000000000	-0.00211783304865437	-0.000327153759688083	4.87520677424319e-05
0.00475000000000000	-0.00253566265731729	-0.000628627587198537	-0.000166226218569991
0.00476000000000000	-0.00290842127798222	-0.000912693147667584	-0.000372341739689275
0.00477000000000000	-0.00323283833290287	-0.00117632439676207	-0.000567280034020702
0.00478000000000000	-0.00350635458386137	-0.00141684775874167	-0.000748940206803193
0.00479000000000000	-0.00372713192498832	-0.00163196466440313	-0.000915454637844586
0.00480000000000000	-0.00389405379280787	-0.00181976866006695	-0.00106520513300164
0.00481000000000000	-0.00400671648392426	-0.00197875704345237	-0.00119683542817220
0.00482000000000000	-0.00406541177609437	-0.00210783705237919	-0.00130926000340258
0.00483000000000000	-0.00407110134532836	-0.00220632670010709	-0.00140166921243317
0.00484000000000000	-0.00402538355944448	-0.00227395041540317	-0.00147353077921325
0.00485000000000000	-0.00393045330605258	-0.00231082970589377	-0.00152458775705059
0.00486000000000000	-0.00378905557998386	-0.00231746911901688	-0.00155485308743893
0.00487000000000000	-0.00360443361075298	-0.00229473782532512	-0.00156460093428254
0.00488000000000000	-0.00338027235481351	-0.00224384719383986	-0.00155435500403577
0.00489000000000000	-0.00312063820971216	-0.00216632476791732	-0.00152487409376596
0.00490000000000000	-0.00282991582775597	-0.00206398508244273	-0.00147713513628399
0.00491000000000000	-0.00251274291567584	-0.00193889778913536	-0.00141231403459124
0.00492000000000000	-0.00217394390415995	-0.00179335357588932	-0.00133176459640130
0.00493000000000000	-0.00181846335755342	-0.00162982837839190	-0.00123699589372390
0.00494000000000000	-0.00145129996981148	-0.00145094638828325	-0.00112964838199001
0.00495000000000000	-0.00107744195880387	-0.00125944236117222	-0.00101146911831183
0.00496000000000000	-0.000701804627856261	-0.00105812372089079	-0.000884286419083060
0.00497000000000000	-0.000329170811960316	-0.000849832943253964	-0.000749984293501534
0.00498000000000000	3.58651328762235e-05	-0.000637410683866138	-0.000610476981757637
0.00499000000000000	0.000388949203941304	-0.000423660090487130	-0.000467683915005351
0.00500000000000000	0.000726014967364146	-0.000211312711739059	-0.000323505398916152