t Cp1 Cp2
0	0	0
1.00000000000000e-05	-0.000786483200000000	-0.000783923200000000
2.00000000000000e-05	-0.00154324436515116	-0.00152341060603522
3.00000000000000e-05	-0.00226645567175298	-0.00220127406382841
4.00000000000000e-05	-0.00295262105909499	-0.00280241677588779
5.00000000000000e-05	-0.00359858778860901	-0.00331414684617604
6.00000000000000e-05	-0.00420155547768186	-0.00372642047750186
7.00000000000000e-05	-0.00475908263079719	-0.00403201092702925
8.00000000000000e-05	-0.00526909070571536	-0.00422660131451254
9.00000000000000e-05	-0.00572986576673031	-0.00430880135222745
0.000100000000000000	-0.00614005779059292	-0.00428008997591556
0.000110000000000000	-0.00649867770340170	-0.00414468765638740
0.000120000000000000	-0.00680509223857911	-0.00390936381994926
0.000130000000000000	-0.00705901671693044	-0.00358318626587884
0.000140000000000000	-0.00726050585968181	-0.00317722071001448
0.000150000000000000	-0.00740994275428399	-0.00270418958086515
0.000160000000000000	-0.00750802610062447	-0.00217809993110140
0.000170000000000000	-0.00755575587209516	-0.00161385079256849
0.000180000000000000	-0.00755441753170748	-0.00102683049392837
0.000190000000000000	-0.00750556494812716	-0.000432514380540373
0.000200000000000000	-0.00741100216012251	0.000153926963238604
0.000210000000000000	-0.00727276414049246	0.000717999471783017
0.000220000000000000	-0.00709309671208114	0.00124622862191548
0.000230000000000000	-0.00687443576901691	0.00172646600579555
0.000240000000000000	-0.00661938595586451	0.00214815289592412
0.000250000000000000	-0.00633069895598236	0.00250253553321911
0.000260000000000000	-0.00601125153807190	0.00278282824895767
0.000270000000000000	-0.00566402350673599	0.00298432196546297
0.000280000000000000	-0.00529207569887474	0.00310443707097733
0.000290000000000000	-0.00489852816299155	0.00314272109422233
0.000300000000000000	-0.00448653865301385	0.00310079297839820
0.000310000000000000	-0.00405928156210749	0.00298223704003125
0.000320000000000000	-0.00361992741524246	0.00279245086561540
0.000330000000000000	-0.00317162303200926	0.00253845242278680
0.000340000000000000	-0.00271747246345456	0.00222865252161631
0.000350000000000000	-0.00226051879856355	0.00187259943911690
0.000360000000000000	-0.00180372692753025	0.00148070300492949
0.000370000000000000	-0.00134996734018909	0.00106394573225917
0.000380000000000000	-0.000902001028996088	0.000633588664562244
0.000390000000000000	-0.000462465556809543	0.000200879499358948
0.000400000000000000	-3.38623404892861e-05	-0.000223229745221545
0.000410000000000000	0.000381454807926524	-0.000628348724643832
0.000420000000000000	0.000781289849940390	-0.00100489225154352
0.000430000000000000	0.00116361337582930	-0.00134429585787333
0.000440000000000000	0.00152657013201752	-0.00163919889740964
0.000450000000000000	0.00186848521502432	-0.00188359160956751
0.000460000000000000	0.00218786893499209	-0.00207292358434540
0.000470000000000000	0.00248342036008082	-0.00220417211931410
0.000480000000000000	0.00275402956096358	-0.00227587001543682
0.000490000000000000	0.00299877858223499	-0.00228809339246651
0.000500000000000000	0.00321694117471459	-0.00224241109140954
0.000510000000000000	0.00340798132935683	-0.00214179814775628
0.000520000000000000	0.00357155065974161	-0.00199051664405132
0.000530000000000000	0.00370748468588795	-0.00179396796605398
0.000540000000000000	0.00381579807738864	-0.00155852107867623
0.000550000000000000	0.00389667891858830	-0.00129132189510335
0.000560000000000000	0.00395048206270815	-0.00100008912775842
0.000570000000000000	0.00397772164544900	-0.000692902179617589
0.000580000000000000	0.00397906283167337	-0.000377986659136637
0.000590000000000000	0.00395531287127800	-6.35029856652951e-05
0.000600000000000000	0.00390741154231908	0.000242656697918203
0.000610000000000000	0.00383642106085143	0.000533058462015778
0.000620000000000000	0.00374351553779741	0.000800899016597990
0.000630000000000000	0.00362997006348307	0.00104015684473871
0.000640000000000000	0.00349714950028325	0.00124571891574872
0.000650000000000000	0.00334649706312126	0.00141348056282400
0.000660000000000000	0.00317952276639273	0.00154041686092203
0.000670000000000000	0.00299779181424931	0.00162462460953171
0.000680000000000000	0.00280291300911128	0.00166533479220548
0.000690000000000000	0.00259652725080557	0.00166289613094522
0.000700000000000000	0.00238029619587476	0.00161873106067871
0.000710000000000000	0.00215589114340386	0.00153526610058651
0.000720000000000000	0.00192498221019645	0.00141583918031674
0.000730000000000000	0.00168922785433075	0.00126458697776027
0.000740000000000000	0.00145026480207437	0.00108631573112278
0.000750000000000000	0.00120969842886540	0.000886359294235851
0.000760000000000000	0.000969093640611929	0.000670428405848646
0.000770000000000000	0.000729966296956091	0.000444455239255357
0.000780000000000000	0.000493775213424800	0.000214437288987488
0.000790000000000000	0.000261914774582688	-1.37154600039210e-05
0.000800000000000000	3.57081854446167e-05	-0.000234326342227557
0.000810000000000000	-0.000183598616471221	-0.000442087356571787
0.000820000000000000	-0.000394842370932349	-0.000632180973963406
0.000830000000000000	-0.000596947213926834	-0.000800385772690508
0.000840000000000000	-0.000788928697796394	-0.000943163755992511
0.000850000000000000	-0.000969897109269747	-0.00105772773468410
0.000860000000000000	-0.00113906008662182	-0.00114208770973802
0.000870000000000000	-0.00129572454155802	-0.00119507575126682
0.000880000000000000	-0.00143929789562322	-0.00121634942680482
0.000890000000000000	-0.00156928864494173	-0.00120637436936918
0.000900000000000000	-0.00168530627088793	-0.00116638708155476
0.000910000000000000	-0.00178706051785039	-0.00109833953418009
0.000920000000000000	-0.00187436006256999	-0.00100482752650263
0.000930000000000000	-0.00194711060259178	-0.000889005121188130
0.000940000000000000	-0.00200531239415963	-0.000754487744314169
0.000950000000000000	-0.00204905727239324	-0.000605246743926096
0.000960000000000000	-0.00207852518881215	-0.000445498327264446
0.000970000000000000	-0.00209398030320513	-0.000279589845981594
0.000980000000000000	-0.00209576666848365	-0.000111886371666923
0.000990000000000000	-0.00208430354850339	5.33395961136544e-05
0.00100000000000000	-0.00206008040988877	0.000212012615463257
0.00101000000000000	-0.00202365162965576	0.000360350537993303
0.00102000000000000	-0.00197563096090016	0.000494950335835864
0.00103000000000000	-0.00191668579901113	0.000612861690580967
0.00104000000000000	-0.00184753129078763	0.000711646880245724
0.00105000000000000	-0.00176892432848987	0.000789425891012723
0.00106000000000000	-0.00168165747025834	0.000844906085763824
0.00107000000000000	-0.00158655282749159	0.000877396170731530
0.00108000000000000	-0.00148445595870351	0.000886804604477706
0.00109000000000000	-0.00137622980809516	0.000873622979962723
0.00110000000000000	-0.00126274872559074	0.000838895271484763
0.00111000000000000	-0.00114489260341668	0.000784174165479109
0.00112000000000000	-0.00102354116246468	0.000711465980411416
0.00113000000000000	-0.000899568419689319	0.000623165920373732
0.00114000000000000	-0.000773837365667170	0.000521985594958179
0.00115000000000000	-0.000647194879203918	0.000410874871437252
0.00116000000000000	-0.000520466903536857	0.000292940202586254
0.00117000000000000	-0.000394453906260276	0.000171361594470265
0.00118000000000000	-0.000269926642618179	4.93103444343314e-05
0.00119000000000000	-0.000147622239280362	-7.01304070248997e-05
0.00120000000000000	-2.82406131612421e-05	-0.000184040402033423
0.00121000000000000	8.75587627268371e-05	-0.000289730539204786
0.00122000000000000	0.000199159736956480	-0.000384803182792951
0.00123000000000000	0.000305991994015897	-0.000467203242275659
0.00124000000000000	0.000407533200903290	-0.000535259029431716
0.00125000000000000	0.000503310784053963	-0.000587712188280113
0.00126000000000000	0.000592903337057077	-0.000623736290172432
0.00127000000000000	0.000675941661928829	-0.000642943984136450
0.00128000000000000	0.000752109448928521	-0.000645382883743806
0.00129000000000000	0.000821143602022378	-0.000631520649207450
0.00130000000000000	0.000882834219106884	-0.000602219980564491
0.00131000000000000	0.000937024237989799	-0.000558704468842346
0.00132000000000000	0.000983608760884722	-0.000502516452056236
0.00133000000000000	0.00102253407179713	-0.000435468187698293
0.00134000000000000	0.00105379636266028	-0.000359587780018112
0.00135000000000000	0.00107744018541331	-0.000277061386882077
0.00136000000000000	0.00109355664839781	-0.000190173276426587
0.00137000000000000	0.00110228137647955	-0.000101245308241667
0.00138000000000000	0.00110379225517867	-1.25773786130310e-05
0.00139000000000000	0.00109830697981221	7.36097034490188e-05
0.00140000000000000	0.00108608043121873	0.000155227550040709
0.00141000000000000	0.00106740190004747	0.000230368516863349
0.00142000000000000	0.00104259218185512	0.000297347957698560
0.00143000000000000	0.00101200056536604	0.000354739540045935
0.00144000000000000	0.000976001736220433	0.000401402953013328
0.00145000000000000	0.000934992618363613	0.000436503550900884
0.00146000000000000	0.000889389174924409	0.000459523693049660
0.00147000000000000	0.000839623189997739	0.000470265756825046
0.00148000000000000	0.000786139052191991	0.000468847010662827
0.00149000000000000	0.000729390560133782	0.000455686732837948
0.00150000000000000	0.000669837769348443	0.000431486144384227
0.00151000000000000	0.000607943899062501	0.000397201887306318
0.00152000000000000	0.000544172316513099	0.000354013918425509
0.00153000000000000	0.000478983615307501	0.000303288802130667
0.00154000000000000	0.000412832803262743	0.000246539469954735
0.00155000000000000	0.000346166613980293	0.000185382570029654
0.00156000000000000	0.000279420955182700	0.000121494554633659
0.00157000000000000	0.000213018505567965	5.65676495474247e-05
0.00158000000000000	0.000147366470632148	-7.73318417178408e-06
0.00159000000000000	8.28545065808850e-05	-6.98112453712289e-05
0.00160000000000000	1.98528201050251e-05	-0.000128176078814203
0.00161000000000000	-4.12895495563391e-05	-0.000181477592020577
0.00162000000000000	-0.000100246261192046	-0.000228535567330379
0.00163000000000000	-0.000156715011100087	-0.000268363972547976
0.00164000000000000	-0.000210418679060302	-0.000300189623103357
0.00165000000000000	-0.000261106279679186	-0.000323464904766101
0.00166000000000000	-0.000308553719247884	-0.000337874424437117
0.00167000000000000	-0.000352564359474356	-0.000343335613363455
0.00168000000000000	-0.000392969390623602	-0.000339993458382778
0.00169000000000000	-0.000429628017719804	-0.000328209678879304
0.00170000000000000	-0.000462427464526000	-0.000308546796740328
0.00171000000000000	-0.000491282801015503	-0.000281747660876909
0.00172000000000000	-0.000516136600980428	-0.000248711084424933
0.00173000000000000	-0.000536958437282742	-0.000210464329705340
0.00174000000000000	-0.000553744223038896	-0.000168133232078030
0.00175000000000000	-0.000566515407737878	-0.000122910788223199
0.00176000000000000	-0.000575318037922242	-7.60250469449534e-05
0.00177000000000000	-0.000580221692611024	-2.87071316881889e-05
0.00178000000000000	-0.000581318304111340	1.78398055082493e-05
0.00179000000000000	-0.000578720875251667	6.24699475415957e-05
0.00180000000000000	-0.000572562104374336	0.000104121808167275
0.00181000000000000	-0.000562992929648351	0.000141842256352165
0.00182000000000000	-0.000550181004407433	0.000174807058851918
0.00183000000000000	-0.000534309115283713	0.000202337534427662
0.00184000000000000	-0.000515573554896918	0.000223913023692089
0.00185000000000000	-0.000494182460774565	0.000239178993102988
0.00186000000000000	-0.000470354132023540	0.000247950707099679
0.00187000000000000	-0.000444315335050654	0.000250212515871871
0.00188000000000000	-0.000416299609342883	0.000246112914970445
0.00189000000000000	-0.000386545583970808	0.000235955634333171
0.00190000000000000	-0.000355295315075448	0.000220187105989284
0.00191000000000000	-0.000322792654143399	0.000199380739725241
0.00192000000000000	-0.000289281656372564	0.000174218502696547
0.00193000000000000	-0.000255005037885426	0.000145470351100443
0.00194000000000000	-0.000220202689963458	0.000113972098730776
0.00195000000000000	-0.000185110257859921	8.06023280831940e-05
0.00196000000000000	-0.000149957791103692	4.62589546422091e-05
0.00197000000000000	-0.000114968471539061	1.18360444379617e-05
0.00198000000000000	-8.03574246603142e-05	-2.17985403361974e-05
0.00199000000000000	-4.63306191005439e-05	-5.38241318024604e-05
0.00200000000000000	-1.30838584260881e-05	-8.34863983209745e-05
0.00201000000000000	1.91981313238070e-05	-0.000110114214962220
0.00202000000000000	5.03425156235856e-05	-0.000133133910077534
0.00203000000000000	8.01890649515715e-05	-0.000152080612595987
0.00204000000000000	0.000108590766457421	-0.000166606506246895
0.00205000000000000	0.000135414333163284	-0.000176485880777100
0.00206000000000000	0.000160540610720427	-0.000181616954219856
0.00207000000000000	0.000183864882387294	-0.000182020522262670
0.00208000000000000	0.000205297073514726	-0.000177835568756602
0.00209000000000000	0.000224761857416165	-0.000169312043574620
0.00210000000000000	0.000242198665062360	-0.000156801078731458
0.00211000000000000	0.000257561601568654	-0.000140742969530728
0.00212000000000000	0.000270819272936246	-0.000121653293381892
0.00213000000000000	0.000281954526964746	-0.000100107573991589
0.00214000000000000	0.000290964112670277	-7.67249223404354e-05
0.00215000000000000	0.000297858262919887	-5.21510979700013e-05
0.00216000000000000	0.000302660205328027	-2.70414346864591e-05
0.00217000000000000	0.000305405606753551	-2.04406418645396e-06
0.00218000000000000	0.000306141956985519	2.22161500535909e-05
0.00219000000000000	0.000304927897412931	4.51525871460543e-05
0.00220000000000000	0.000301832500637301	6.62304094188054e-05
0.00221000000000000	0.000296934507108141	8.49783741312592e-05
0.00222000000000000	0.000290321524940475	0.000100998673885021
0.00223000000000000	0.000282089199111281	0.000113974620537076
0.00224000000000000	0.000272340356229359	0.000123676047477290
0.00225000000000000	0.000261184131031783	0.000129962366437204
0.00226000000000000	0.000248735080681337	0.000132783275973177
0.00227000000000000	0.000235112292824808	0.000132177177891320
0.00228000000000000	0.000220438493223572	0.000128267413726443
0.00229000000000000	0.000204839158587569	0.000121256484652086
0.00230000000000000	0.000188441640033645	0.000111418463739208
0.00231000000000000	0.000171374302351635	9.90898483331683e-05
0.00232000000000000	0.000153765683998757	8.46591317163751e-05
0.00233000000000000	0.000135743682457474	6.85553966133856e-05
0.00234000000000000	0.000117434769286265	5.12362481408654e-05
0.00235000000000000	9.89632388695235e-05	3.31754103916607e-05
0.00236000000000000	8.04504945344271e-05	1.48503090715539e-05
0.00237000000000000	6.20143753519133e-05	-3.27004721279810e-06
0.00238000000000000	4.37685265782724e-05	-2.07365917849138e-05
0.00239000000000000	2.58218163260469e-05	-3.71308598612153e-05
0.00240000000000000	8.27780068036114e-06	-5.20745429482354e-05
0.00241000000000000	-8.76576089796110e-06	-6.52377323625640e-05
0.00242000000000000	-2.52173384156964e-05	-7.63456859923296e-05
0.00243000000000000	-4.09920113421379e-05	-8.51839947757780e-05
0.00244000000000000	-5.60117950279987e-05	-9.16020694983972e-05
0.00245000000000000	-7.02059131808626e-05	-9.55149132399639e-05
0.00246000000000000	-8.35110163808973e-05	-9.69031889933402e-05
0.00247000000000000	-9.58713469607443e-05	-9.58116345339448e-05
0.00248000000000000	-0.000107238850900945	-9.23459165242522e-05
0.00249000000000000	-0.000117573237705297	-8.66680521719024e-05
0.00250000000000000	-0.000126841989517624	-7.89905587222836e-05
0.00251000000000000	-0.000135020321021269	-6.95695179912035e-05
0.00252000000000000	-0.000142091091923875	-5.86967645125368e-05
0.00253000000000000	-0.000148044674071762	-4.66914213275741e-05
0.00254000000000000	-0.000152878775459403	-3.38910167754349e-05
0.00255000000000000	-0.000156598223599533	-2.06424188157474e-05
0.00256000000000000	-0.000159214710897580	-7.29282054045853e-06
0.00257000000000000	-0.000160746504830034	5.81899812590165e-06
0.00258000000000000	-0.000161218125859772	1.83709215788455e-05
0.00259000000000000	-0.000160659996132070	3.00650704818055e-05
0.00260000000000000	-0.000159108062083107	4.06345255845242e-05
0.00261000000000000	-0.000156603394158359	4.98490611369658e-05
0.00262000000000000	-0.000153191766881674	5.75197750094757e-05
0.00263000000000000	-0.000148923222537430	6.35025339265670e-05
0.00264000000000000	-0.000143851621728611	6.77001845822614e-05
0.00265000000000000	-0.000138034184053454	7.00635139822834e-05
0.00266000000000000	-0.000131531022103425	7.05909743268112e-05
0.00267000000000000	-0.000124404671926438	6.93272183224731e-05
0.00268000000000000	-0.000116719623022461	6.63605192691910e-05
0.00269000000000000	-0.000108541850844997	6.18191759577471e-05
0.00270000000000000	-9.99383546725109e-05	5.58670247790334e-05
0.00271000000000000	-9.09767035898376e-05	4.86982000285012e-05
0.00272000000000000	-8.17245931822803e-05	4.05312978415298e-05
0.00273000000000000	-7.22494153956744e-05	3.16031092842650e-05
0.00274000000000000	-6.26178438555555e-05	2.21620937339509e-05
0.00275000000000000	-5.28954367690181e-05	1.24617648131928e-05
0.00276000000000000	-4.31462593552902e-05	2.75415790680011e-06
0.00277000000000000	-3.34325275668120e-05	-6.71645909303878e-06
0.00278000000000000	-2.38142746730969e-05	-1.57194813810996e-05
0.00279000000000000	-1.43490420862036e-05	-2.40433333823938e-05
0.00280000000000000	-5.09159561061719e-06	-3.15001872470949e-05
0.00281000000000000	3.90633189696740e-06	-3.79299355095296e-05
0.00282000000000000	1.25962706697624e-05	-4.32033415704431e-05
0.00283000000000000	2.09332163827449e-05	-4.72243147385161e-05
0.00284000000000000	2.88758043156947e-05	-4.99312802549191e-05
0.00285000000000000	3.63864551188583e-05	-5.12976384087758e-05
0.00286000000000000	4.34314921580155e-05	-5.13313299365080e-05
0.00287000000000000	4.99812305953749e-05	-5.00735468226938e-05
0.00288000000000000	5.60100385357238e-05	-4.75966478697550e-05
0.00289000000000000	6.14963707327339e-05	-4.40013565222598e-05
0.00290000000000000	6.64227755074798e-05	-3.94133340306543e-05
0.00291000000000000	7.07758756793210e-05	-3.39792338061352e-05
0.00292000000000000	7.45463244476945e-05	-2.78623525215621e-05
0.00293000000000000	7.77287372914948e-05	-2.12380000054751e-05
0.00294000000000000	8.03216010700908e-05	-1.42887131955369e-05
0.00295000000000000	8.23271616162626e-05	-7.19943938636646e-06
0.00296000000000000	8.37512912060950e-05	-1.52810828097439e-07
0.00297000000000000	8.46033373739208e-05	6.67537341472286e-06
0.00298000000000000	8.48959546116062e-05	1.31203513009394e-05
0.00299000000000000	8.46449205507333e-05	1.90321915822441e-05
0.00300000000000000	8.38689382735685e-05	2.42790950687857e-05
0.00301000000000000	8.25894264341940e-05	2.87501359368640e-05
0.00302000000000000	8.08302988949530e-05	3.23573918291823e-05
0.00303000000000000	7.86177355956631e-05	3.50374284798692e-05
0.00304000000000000	7.59799463741482e-05	3.67521219039734e-05
0.00305000000000000	7.29469294468824e-05	3.74888183790362e-05
0.00306000000000000	6.95502262383423e-05	3.72598490863234e-05
0.00307000000000000	6.58226742174555e-05	3.61014319703439e-05
0.00308000000000000	6.17981593598564e-05	3.40720077528597e-05
0.00309000000000000	5.75113698060262e-05	3.12500697817134e-05
0.00310000000000000	5.29975522284174e-05	2.77315582366034e-05
0.00311000000000000	4.82922723559548e-05	2.36268979408936e-05
0.00312000000000000	4.34311810325108e-05	1.90577654879779e-05
0.00313000000000000	3.84497871077630e-05	1.41536754917716e-05
0.00314000000000000	3.33832383749340e-05	9.04847748487618e-06
0.00315000000000000	2.82661116810042e-05	3.87685434707049e-06
0.00316000000000000	2.31322132417976e-05	-1.22908975857852e-06
0.00317000000000000	1.80143900975792e-05	-6.14306899005901e-06
0.00318000000000000	1.29443535452056e-05	-1.07476069714392e-05
0.00319000000000000	7.95251528114187e-06	-1.49367121222016e-05
0.00320000000000000	3.06783688651343e-06	-1.86181798785214e-05
0.00321000000000000	-1.68230681850819e-06	-2.17154757009268e-05
0.00322000000000000	-6.27225012760336e-06	-2.41691647557362e-05
0.00323000000000000	-1.06781441884167e-05	-2.59378666298622e-05
0.00324000000000000	-1.48780499118806e-05	-2.69987260613412e-05
0.00325000000000000	-1.88520159329805e-05	-2.73474031192323e-05
0.00326000000000000	-2.25821416030023e-05	-2.69975982387153e-05
0.00327000000000000	-2.60526250881602e-05	-2.59801387244569e-05
0.00328000000000000	-2.92497967409053e-05	-2.43416635199996e-05
0.00329000000000000	-3.21621379976846e-05	-2.21429519792844e-05
0.00330000000000000	-3.47802861400454e-05	-1.94569498830569e-05
0.00331000000000000	-3.70970253343563e-05	-1.63665518742878e-05
0.00332000000000000	-3.91072644387212e-05	-1.29622037434454e-05
0.00333000000000000	-4.08080021335740e-05	-9.33939052230126e-06
0.00334000000000000	-4.21982799947129e-05	-5.59607713493175e-06
0.00335000000000000	-4.32791241839555e-05	-1.83016744165042e-06
0.00336000000000000	-4.40534764829760e-05	1.86295502755835e-06
0.00337000000000000	-4.45261154401277e-05	5.39274540380703e-06
0.00338000000000000	-4.47035684380445e-05	8.67562103986562e-06
0.00339000000000000	-4.45940155215297e-05	1.16368430606176e-05
0.00340000000000000	-4.42071858506698e-05	1.42121162375566e-05
0.00341000000000000	-4.35542476632934e-05	1.63488758537456e-05
0.00342000000000000	-4.26476926439119e-05	1.80072390827827e-05
0.00343000000000000	-4.15012156032309e-05	1.91606075480796e-05
0.00344000000000000	-4.01295903733693e-05	1.97959169183044e-05
0.00345000000000000	-3.85485428192378e-05	1.99135383986779e-05
0.00346000000000000	-3.67746218563212e-05	1.95268455754642e-05
0.00347000000000000	-3.48250693496210e-05	1.86614680591250e-05
0.00348000000000000	-3.27176897480054e-05	1.73542605686413e-05
0.00349000000000000	-3.04707202829762e-05	1.56520223494679e-05
0.00350000000000000	-2.81027025311976e-05	1.36100069932309e-05
0.00351000000000000	-2.56323561063681e-05	1.12902667324006e-05
0.00352000000000000	-2.30784552085064e-05	8.75987805399117e-06
0.00353000000000000	-2.04597087177946e-05	6.08909698215022e-06
0.00354000000000000	-1.77946444761722e-05	3.34949262235234e-06
0.00355000000000000	-1.51014983532518e-05	6.12106573530193e-07
0.00356000000000000	-1.23981086442183e-05	-2.05431633755237e-06
0.00357000000000000	-9.70181629656253e-06	-4.58498377219965e-06
0.00358000000000000	-7.02937141015226e-06	-6.92056000504616e-06
0.00359000000000000	-4.39684640165814e-06	-9.00848542859119e-06
0.00360000000000000	-1.81955617007709e-06	-1.08040840900054e-05
0.00361000000000000	6.88014454577880e-07	-1.22714381045003e-05
0.00362000000000000	3.11227575208995e-06	-1.33840143173692e-05
0.00363000000000000	5.44059046945739e-06	-1.41250352764339e-05
0.00364000000000000	7.66132337584133e-06	-1.44875932547915e-05
0.00365000000000000	9.76388294882833e-06	-1.44745125629350e-05
0.00366000000000000	1.17387551774189e-05	-1.40979715517717e-05
0.00367000000000000	1.35775295172361e-05	-1.33789013895075e-05
0.00368000000000000	1.52729170817332e-05	-1.23461837681345e-05
0.00369000000000000	1.68187611994198e-05	-1.10356740510396e-05
0.00370000000000000	1.82100405110837e-05	-9.48907992516256e-06
0.00371000000000000	1.94428648224720e-05	-7.75272830523152e-06
0.00372000000000000	2.05144639667114e-05	-5.87625501380333e-06
0.00373000000000000	2.14231699667462e-05	-3.91125261311177e-06
0.00374000000000000	2.21683928211063e-05	-1.90991170081161e-06
0.00375000000000000	2.27505902662760e-05	7.63099679076177e-08
0.00376000000000000	2.31712318957290e-05	1.99795795284587e-06
0.00377000000000000	2.34327580392462e-05	3.80876116319558e-06
0.00378000000000000	2.35385338264096e-05	5.46669464195337e-06
0.00379000000000000	2.34927988751281e-05	6.93490208178862e-06
0.00380000000000000	2.33006130597099e-05	8.18245930612733e-06
0.00381000000000000	2.29677988233567e-05	9.18496453914586e-06
0.00382000000000000	2.25008805070720e-05	9.92494608989401e-06
0.00383000000000000	2.19070211708876e-05	1.03920829614963e-05
0.00384000000000000	2.11939573841125e-05	1.05832387408405e-05
0.00385000000000000	2.03699324590776e-05	1.05023138068692e-05
0.00386000000000000	1.94436285977064e-05	1.01599253039292e-05
0.00387000000000000	1.84240984123010e-05	9.57292835843765e-06
0.00388000000000000	1.73206962713433e-05	8.76379558291566e-06
0.00389000000000000	1.61430099080119e-05	7.75987493628323e-06
0.00390000000000000	1.49007927136774e-05	6.59254843422277e-06
0.00391000000000000	1.36038971210263e-05	5.29631598636704e-06
0.00392000000000000	1.22622094618591e-05	3.90782975348865e-06
0.00393000000000000	1.08855866632002e-05	2.46490486070876e-06
0.00394000000000000	9.48379512232653e-06	1.00553208213044e-06
0.00395000000000000	8.06645207688271e-06	-4.33082745294900e-07
0.00396000000000000	6.64296976058234e-06	-1.81542927378727e-06
0.00397000000000000	5.22250260831143e-06	-3.10853185071768e-06
0.00398000000000000	3.81389774694230e-06	-4.28269853246302e-06
0.00399000000000000	2.42564898004169e-06	-5.31216392188135e-06
0.00400000000000000	1.06585444610403e-06	-6.17561301852944e-06
0.00401000000000000	-2.57821898841970e-07	-6.85657666606908e-06
0.00402000000000000	-1.53818485223279e-06	-7.34369270622562e-06
0.00403000000000000	-2.76853849623837e-06	-7.63083051046608e-06
0.00404000000000000	-3.94271262433585e-06	-7.71708006855934e-06
0.00405000000000000	-5.05508502610913e-06	-7.60661018087202e-06
0.00406000000000000	-6.10059962043674e-06	-7.30840344840460e-06
0.00407000000000000	-7.07478045367417e-06	-6.83587860903669e-06
0.00408000000000000	-7.97374160494663e-06	-6.20641326768304e-06
0.00409000000000000	-8.79419306510488e-06	-5.44078216046089e-06
0.00410000000000000	-9.53344267914790e-06	-4.56252773875311e-06
0.00411000000000000	-1.01893942638705e-05	-3.59728103094331e-06
0.00412000000000000	-1.07605420330488e-05	-2.57205142308472e-06
0.00413000000000000	-1.12459614815556e-05	-1.51450419306811e-06
0.00414000000000000	-1.16452968973217e-05	-4.52244346583569e-07
0.00415000000000000	-1.19587456859665e-05	5.87875440357572e-07
0.00416000000000000	-1.21870397071631e-05	1.58040613523521e-06
0.00417000000000000	-1.23314238343497e-05	2.50189783113000e-06
0.00418000000000000	-1.23936319602084e-05	3.33142618859038e-06
0.00419000000000000	-1.23758606794106e-05	4.05103878097548e-06
0.00420000000000000	-1.22807408874562e-05	4.64611264929679e-06
0.00421000000000000	-1.21113075400324e-05	5.10561687893018e-06
0.00422000000000000	-1.18709678211973e-05	5.42227659339583e-06
0.00423000000000000	-1.15634679708915e-05	5.59263735238802e-06
0.00424000000000000	-1.11928590228302e-05	5.61703147690491e-06
0.00425000000000000	-1.07634617027787e-05	5.49945024173550e-06
0.00426000000000000	-1.02798307346302e-05	5.24732811765496e-06
0.00427000000000000	-9.74671879763441e-06	4.87124726162628e-06
0.00428000000000000	-9.16904037266136e-06	4.38457219956742e-06
0.00429000000000000	-8.55183570858968e-06	3.80302608742369e-06
0.00430000000000000	-7.90023513187296e-06	3.14422104577501e-06
0.00431000000000000	-7.21942391315406e-06	2.42715582358824e-06
0.00432000000000000	-6.51460789455280e-06	1.67169444988337e-06
0.00433000000000000	-5.79098007005145e-06	8.98039579159794e-07
0.00434000000000000	-5.05368829934170e-06	1.26213937471390e-07
0.00435000000000000	-4.30780432268193e-06	-6.24437350523650e-07
0.00436000000000000	-3.55829423084287e-06	-1.33571170128919e-06
0.00437000000000000	-2.80999053021165e-06	-1.99097062342244e-06
0.00438000000000000	-2.06756592866699e-06	-2.57550865132939e-06
0.00439000000000000	-1.33550895305110e-06	-3.07686204679893e-06
0.00440000000000000	-6.18101494043970e-07	-3.48505140808725e-06
0.00441000000000000	8.06016409079751e-08	-3.79275417248064e-06
0.00442000000000000	7.56791101135085e-07	-3.99540488732439e-06
0.00443000000000000	1.40691924240254e-06	-4.09122300736119e-06
0.00444000000000000	2.02771421728404e-06	-4.08116980576607e-06
0.00445000000000000	2.61619188555498e-06	-3.96883771819363e-06
0.00446000000000000	3.16966553829114e-06	-3.76027703300338e-06
0.00447000000000000	3.68575344331511e-06	-3.46376626089053e-06
0.00448000000000000	4.16238423310922e-06	-3.08953373320214e-06
0.00449000000000000	4.59780016923144e-06	-2.64943896613527e-06
0.00450000000000000	4.99055832956477e-06	-2.15662307014663e-06
0.00451000000000000	5.33952977634897e-06	-1.62513796935660e-06
0.00452000000000000	5.64389677382840e-06	-1.06956442039173e-06
0.00453000000000000	5.90314813446114e-06	-5.04628786564342e-07
0.00454000000000000	6.11707278192763e-06	5.51717594822131e-08
0.00455000000000000	6.28575162762559e-06	5.95926448555369e-07
0.00456000000000000	6.40954786490669e-06	1.10464211790011e-06
0.00457000000000000	6.48909579199054e-06	1.56954089879835e-06
0.00458000000000000	6.52528828025760e-06	1.98031796249400e-06
0.00459000000000000	6.51926300947510e-06	2.32835410495917e-06
0.00460000000000000	6.47238759544547e-06	2.60687925096867e-06
0.00461000000000000	6.38624373858359e-06	2.81108431542482e-06
0.00462000000000000	6.26261052404880e-06	2.93818023893430e-06
0.00463000000000000	6.10344700528155e-06	2.98740437993602e-06
0.00464000000000000	5.91087420315548e-06	2.95997576332645e-06
0.00465000000000000	5.68715665246795e-06	2.85900192390354e-06
0.00466000000000000	5.43468362619452e-06	2.68934121341976e-06
0.00467000000000000	5.15595016585369e-06	2.45742543759051e-06
0.00468000000000000	4.85353804350511e-06	2.17104853315453e-06
0.00469000000000000	4.53009677738250e-06	1.83912766867355e-06
0.00470000000000000	4.18832481898164e-06	1.47144364462069e-06
0.00471000000000000	3.83095102463433e-06	1.07836777181074e-06
0.00472000000000000	3.46071651924756e-06	6.70582520681824e-07
0.00473000000000000	3.08035705402736e-06	2.58803160489024e-07
0.00474000000000000	2.69258595369051e-06	-1.46492645138893e-07
0.00475000000000000	2.30007774194713e-06	-5.35320739600237e-07
0.00476000000000000	1.90545252697237e-06	-8.98425896104023e-07
0.00477000000000000	1.51126122122774e-06	-1.22749148956958e-06
0.00478000000000000	1.11997166239528e-06	-1.51531895903888e-06
0.00479000000000000	7.33955694416334e-07	-1.75597350207611e-06
0.00480000000000000	3.55477259722003e-07	-1.94489340377260e-06
0.00481000000000000	-1.33184542314435e-08	-2.07896139909551e-06
0.00482000000000000	-3.70414779004732e-07	-2.15653747226831e-06
0.00483000000000000	-7.13932212640001e-07	-2.17745348511181e-06
0.00484000000000000	-1.04213593127877e-06	-2.14297097348920e-06
0.00485000000000000	-1.35344215342033e-06	-2.05570433466497e-06
0.00486000000000000	-1.64642335289403e-06	-1.91951242830572e-06
0.00487000000000000	-1.91981232398947e-06	-1.73936231254213e-06
0.00488000000000000	-2.17250510930610e-06	-1.52116941961342e-06
0.00489000000000000	-2.40356280771005e-06	-1.27161893211179e-06
0.00490000000000000	-2.61221228629073e-06	-9.97973443253425e-07
0.00491000000000000	-2.79784582635180e-06	-7.07872169051151e-07
0.00492000000000000	-2.96001973924139e-06	-4.09127026462938e-07
0.00493000000000000	-3.09845199317898e-06	-1.09520802745875e-07
0.00494000000000000	-3.21301889716977e-06	1.83387576157085e-07
0.00495000000000000	-3.30375089257775e-06	4.62446006802885e-07
0.00496000000000000	-3.37082750695744e-06	7.21076170866120e-07
0.00497000000000000	-3.41457152829454e-06	9.53420806611267e-07
0.00498000000000000	-3.43544246088457e-06	1.15446820813736e-06
0.00499000000000000	-3.43402932667066e-06	1.32015154097359e-06
0.00500000000000000	-3.41104287797364e-06	1.44742127176263e-06
0.00501000000000000	-3.36730728917414e-06	1.53428973934479e-06
0.00502000000000000	-3.30375139606144e-06	1.57984762557718e-06
0.00503000000000000	-3.22139955224360e-06	1.58425279825142e-06
0.00504000000000000	-3.12136217224242e-06	1.54869267810820e-06
0.00505000000000000	-3.00482603067265e-06	1.47532191118230e-06
0.00506000000000000	-2.87304438625717e-06	1.36717769231757e-06
0.00507000000000000	-2.72732699836584e-06	1.22807557351700e-06
0.00508000000000000	-2.56903010231048e-06	1.06248899199492e-06
0.00509000000000000	-2.39954640780267e-06	8.75416060020840e-07
0.00510000000000000	-2.22029518280640e-06	6.72237367136674e-07
0.00511000000000000	-2.03271248251882e-06	4.58568652952382e-07
0.00512000000000000	-1.83824158042045e-06	2.40112215969203e-07
0.00513000000000000	-1.63832365526684e-06	2.25108337160655e-08
0.00514000000000000	-1.43438878458810e-06	-1.88792212736386e-07
0.00515000000000000	-1.22784729174080e-06	-3.88683683620053e-07
0.00516000000000000	-1.02008148984840e-06	-5.72498510411752e-07
0.00517000000000000	-8.12437862101889e-07	-7.36122932847541e-07
0.00518000000000000	-6.06219713905811e-07	-8.76080523212349e-07
0.00519000000000000	-4.02680328262212e-07	-9.89599475171675e-07
0.00520000000000000	-2.03016651632266e-07	-1.07466005658946e-06
0.00521000000000000	-8.36353331564435e-09	-1.13002165914938e-06
0.00522000000000000	1.80211462821507e-07	-1.15522940840031e-06
0.00523000000000000	3.61712659636181e-07	-1.15060081282281e-06
0.00524000000000000	5.35220270536106e-07	-1.11719341721419e-06
0.00525000000000000	6.99893799459296e-07	-1.05675487276635e-06
0.00526000000000000	8.54974834620153e-07	-9.71657233685371e-07
0.00527000000000000	9.99789237528934e-07	-8.64817629634086e-07
0.00528000000000000	1.13374873255090e-06	-7.39607737978381e-07
0.00529000000000000	1.25635190587901e-06	-5.99754684913170e-07
0.00530000000000000	1.36718462623236e-06	-4.49236137076573e-07
0.00531000000000000	1.46591990284581e-06	-2.92172404194533e-07
0.00532000000000000	1.55231719936692e-06	-1.32718359458303e-07
0.00533000000000000	1.62622122511686e-06	2.50420996133877e-08
0.00534000000000000	1.68756022778462e-06	1.77196476833875e-07
0.00535000000000000	1.73634381400591e-06	3.20096626244345e-07
0.00536000000000000	1.77266032641587e-06	4.50442123471886e-07
0.00537000000000000	1.79667380765595e-06	5.65352265809349e-07
0.00538000000000000	1.80862058345836e-06	6.62425249723214e-07
0.00539000000000000	1.80880549831401e-06	7.39783442622363e-07
0.00540000000000000	1.79759783836314e-06	7.96104049462138e-07
0.00541000000000000	1.77542697702724e-06	8.30634863978209e-07
0.00542000000000000	1.74277777952534e-06	8.43195179090265e-07
0.00543000000000000	1.70018580279828e-06	8.34162301739956e-07
0.00544000000000000	1.64823232750241e-06	8.04444465273819e-07
0.00545000000000000	1.58753925863604e-06	7.55441249412907e-07
0.00546000000000000	1.51876393103794e-06	6.88992896879331e-07
0.00547000000000000	1.44259385545406e-06	6.07320151057029e-07
0.00548000000000000	1.35974144011875e-06	5.12956426115471e-07
0.00549000000000000	1.27093872185054e-06	4.08674256632936e-07
0.00550000000000000	1.17693213953100e-06	2.97408056149273e-07
0.00551000000000000	1.07847738153399e-06	1.82175242842873e-07
0.00552000000000000	9.76334337213357e-07	6.59977666552506e-08
0.00553000000000000	8.71262180950534e-07	-4.81740020834455e-08
0.00554000000000000	7.64014615536671e-07	-1.57533183664258e-07
0.00555000000000000	6.55335299812813e-07	-2.59482424385657e-07
0.00556000000000000	5.45953483548619e-07	-3.51692581606015e-07
0.00557000000000000	4.36579870512507e-07	-4.32152815052698e-07
0.00558000000000000	3.27902728588624e-07	-4.99211096238668e-07
0.00559000000000000	2.20584263646231e-07	-5.51604419885551e-07
0.00560000000000000	1.15257271683271e-07	-5.88478282722190e-07
0.00561000000000000	1.25220815530275e-08	-6.09395278544194e-07
0.00562000000000000	-8.70562016302693e-08	-6.14332936791859e-07
0.00563000000000000	-1.82950144525953e-07	-6.03671198294916e-07
0.00564000000000000	-2.74672119346966e-07	-5.78170169926255e-07
0.00565000000000000	-3.61776119852105e-07	-5.38939024037392e-07
0.00566000000000000	-4.43859258126784e-07	-4.87397103848468e-07
0.00567000000000000	-5.20562942783732e-07	-4.25228458421618e-07
0.00568000000000000	-5.91573741201395e-07	-3.54331157421425e-07
0.00569000000000000	-6.56623930322290e-07	-2.76762824502894e-07
0.00570000000000000	-7.15491742353824e-07	-1.94683877840852e-07
0.00571000000000000	-7.68001313434134e-07	-1.10299976997789e-07
0.00572000000000000	-8.14022344941213e-07	-2.58051479866031e-08
0.00573000000000000	-8.53469488628528e-07	5.66730050929318e-08
0.00574000000000000	-8.86301468155452e-07	1.35124690347590e-07
0.00575000000000000	-9.12519950845152e-07	2.07704735611695e-07
0.00576000000000000	-9.32168184640230e-07	2.72773781070375e-07
0.00577000000000000	-9.45329416230759e-07	3.28932998572364e-07
0.00578000000000000	-9.52125107205813e-07	3.75051669025893e-07
0.00579000000000000	-9.52712965818821e-07	4.10287149906769e-07
0.00580000000000000	-9.47284812565892e-07	4.34096970971531e-07
0.00581000000000000	-9.36064298246398e-07	4.46243002417647e-07
0.00582000000000000	-9.19304493518201e-07	4.46787840783557e-07
0.00583000000000000	-8.97285369168457e-07	4.36083748933265e-07
0.00584000000000000	-8.70311186404525e-07	4.14754663044243e-07
0.00585000000000000	-8.38707816427698e-07	3.83671937622944e-07
0.00586000000000000	-8.02820008390599e-07	3.43924635825834e-07
0.00587000000000000	-7.63008624562184e-07	2.96785284021036e-07
0.00588000000000000	-7.19647861139068e-07	2.43672094563538e-07
0.00589000000000000	-6.73122472650526e-07	1.86108717870485e-07
0.00590000000000000	-6.23825017316798e-07	1.25682613522917e-07
0.00591000000000000	-5.72153140040886e-07	6.40031304601538e-08
0.00592000000000000	-5.18506908954577e-07	2.66035925943688e-09
0.00593000000000000	-4.63286220596490e-07	-5.68142334459912e-08
0.00594000000000000	-4.06888287897321e-07	-1.12984455022235e-07
0.00595000000000000	-3.49705224176918e-07	-1.64542485683582e-07
0.00596000000000000	-2.92121735337970e-07	-2.10337706089663e-07
0.00597000000000000	-2.34512931377645e-07	-2.49400663734217e-07
0.00598000000000000	-1.77242267234919e-07	-2.80961728983974e-07
0.00599000000000000	-1.20659621864399e-07	-3.04464139291363e-07
0.00600000000000000	-6.50995232733361e-08	-3.19571280688712e-07
0.00601000000000000	-1.08795261007696e-08	-3.26168205300091e-07
0.00602000000000000	4.17012528540603e-08	-3.24357528547419e-07
0.00603000000000000	9.23634369087331e-08	-3.14449986483071e-07
0.00604000000000000	1.40848526491062e-07	-2.96950059072602e-07
0.00605000000000000	1.86919868896699e-07	-2.72537176487198e-07
0.00606000000000000	2.30363459973016e-07	-2.42043120191877e-07
0.00607000000000000	2.70988577977058e-07	-2.06426306976797e-07
0.00608000000000000	3.08628250902789e-07	-1.66743700728211e-07
0.00609000000000000	3.43139559580138e-07	-1.24121132879077e-07
0.00610000000000000	3.74403779811600e-07	-7.97228278492972e-08
0.00611000000000000	4.02326367719245e-07	-3.47209246475788e-08
0.00612000000000000	4.26836793335783e-07	9.73423904861863e-09
0.00613000000000000	4.47888228262515e-07	5.25423573651089e-08
0.00614000000000000	4.65457093961623e-07	9.26792384287931e-08
0.00615000000000000	4.79542477911511e-07	1.29220150383052e-07
0.00616000000000000	4.90165425465671e-07	1.61359930640813e-07
0.00617000000000000	4.97368115785381e-07	1.88429454954314e-07
0.00618000000000000	5.01212930686443e-07	2.09908167117472e-07
0.00619000000000000	5.01781425634567e-07	2.25432478586345e-07
0.00620000000000000	4.99173212447678e-07	2.34799957142330e-07
0.00621000000000000	4.93504763521375e-07	2.37969332136503e-07
0.00622000000000000	4.84908147575796e-07	2.35056448147170e-07
0.00623000000000000	4.73529707039773e-07	2.26326396580155e-07
0.00624000000000000	4.59528687235756e-07	2.12182143579714e-07
0.00625000000000000	4.43075827514827e-07	1.93150050656727e-07
0.00626000000000000	4.24351924407385e-07	1.69862750047530e-07
0.00627000000000000	4.03546376717180e-07	1.43039888743218e-07
0.00628000000000000	3.80855722286363e-07	1.13467292495115e-07
0.00629000000000000	3.56482175904310e-07	8.19751234317729e-08
0.00630000000000000	3.30632177529690e-07	4.94156121276185e-08
0.00631000000000000	3.03514959638549e-07	1.66409373366044e-08
0.00632000000000000	2.75341142116311e-07	-1.55181951870994e-08
0.00633000000000000	2.46321362670528e-07	-4.62727583315103e-08
0.00634000000000000	2.16664950267984e-07	-7.48939241276096e-08
0.00635000000000000	1.86578648591394e-07	-1.00729486682678e-07
0.00636000000000000	1.56265395977591e-07	-1.23217840859889e-07
0.00637000000000000	1.25923167737347e-07	-1.41899242399496e-07
0.00638000000000000	9.57438861807252e-08	-1.56424152171474e-07
0.00639000000000000	6.59124030766303e-08	-1.66558546776752e-07
0.00640000000000000	3.66055586710645e-08	-1.72186157689541e-07
0.00641000000000000	7.99132077677292e-09	-1.73307679541343e-07
0.00642000000000000	-1.97719931688723e-08	-1.70037063057134e-07
0.00643000000000000	-4.65364087929877e-08	-1.62595077800650e-07
0.00644000000000000	-7.21649005484177e-08	-1.51300392676961e-07
0.00645000000000000	-9.65319094702481e-08	-1.36558476721995e-07
0.00646000000000000	-1.19523772442128e-07	-1.18848667957906e-07
0.00647000000000000	-1.41039063055057e-07	-9.87097931789379e-08
0.00648000000000000	-1.60988844699008e-07	-7.67247458798267e-08
0.00649000000000000	-1.79296837057035e-07	-5.35044428861049e-08
0.00650000000000000	-1.95899497682485e-07	-2.96715825971054e-08
0.00651000000000000	-2.10746020819281e-07	-5.84461940034270e-09
0.00652000000000000	-2.23798256079725e-07	1.73776496989390e-08
0.00653000000000000	-2.35030550016313e-07	3.94305180682717e-08
0.00654000000000000	-2.44429514012163e-07	5.97964901562571e-08
0.00655000000000000	-2.51993722273115e-07	7.80168014755777e-08
0.00656000000000000	-2.57733344023882e-07	9.37010987544925e-08
0.00657000000000000	-2.61669714295350e-07	1.06535094948237e-07
0.00658000000000000	-2.63834847940048e-07	1.16286070552936e-07
0.00659000000000000	-2.64270901722414e-07	1.22806150865175e-07
0.00660000000000000	-2.63029589506020e-07	1.26033346957065e-07
0.00661000000000000	-2.60171555696483e-07	1.25990404742925e-07
0.00662000000000000	-2.55765712198824e-07	1.22781560212668e-07
0.00663000000000000	-2.49888544212550e-07	1.16587348453065e-07
0.00664000000000000	-2.42623390216278e-07	1.07657658344944e-07
0.00665000000000000	-2.34059701487089e-07	9.63032628735575e-08
0.00666000000000000	-2.24292286461030e-07	8.28860860571853e-08
0.00667000000000000	-2.13420545168588e-07	6.78084910261679e-08
0.00668000000000000	-2.01547698877681e-07	5.15018894157010e-08
0.00669000000000000	-1.88780019944360e-07	3.44149798281666e-08
0.00670000000000000	-1.75226066712668e-07	1.70019227382048e-08
0.00671000000000000	-1.60995928121361e-07	-2.89248884753826e-10
0.00672000000000000	-1.46200482467361e-07	-1.70276993289309e-08
0.00673000000000000	-1.30950674545551e-07	-3.28100783778898e-08
0.00674000000000000	-1.15356815137340e-07	-4.72697940509773e-08
0.00675000000000000	-9.95279065532525e-08	-6.00850687749844e-08
0.00676000000000000	-8.35709976564555e-08	-7.09856148404230e-08
0.00677000000000000	-6.75905714953152e-08	-7.97578048825965e-08
0.00678000000000000	-5.16879683779668e-08	-8.62482548836228e-08
0.00679000000000000	-3.59608468999515e-08	-9.03657796981120e-08
0.00680000000000000	-2.05026851252749e-08	-9.20817232826295e-08
0.00681000000000000	-5.40232379438990e-09	-9.14287065965710e-08
0.00682000000000000	9.25644688691725e-09	-8.84978745655975e-08
0.00683000000000000	2.33952556507120e-08	-8.34347586630801e-08
0.00684000000000000	3.69414728538750e-08	-7.64339027899680e-08
0.00685000000000000	4.98284868569030e-08	-6.77324265633581e-08
0.00686000000000000	6.19959338136080e-08	-5.76027213463455e-08
0.00687000000000000	7.33898808920412e-08	-4.63444899885294e-08
0.00688000000000000	8.39629632418104e-08	-3.42763510938057e-08
0.00689000000000000	9.36744752987417e-08	-2.17272326097695e-08
0.00690000000000000	1.02490417293889e-07	-9.02777774158202e-09
0.00691000000000000	1.10383498083074e-07	3.49802115388284e-09
0.00692000000000000	1.17333095655392e-07	1.55407575700662e-08
0.00693000000000000	1.23325176902756e-07	2.68129288716001e-08
0.00694000000000000	1.28352178436395e-07	3.70554728296106e-08
0.00695000000000000	1.32412850431079e-07	4.60433830018394e-08
0.00696000000000000	1.35512065641235e-07	5.35902908526897e-08
0.00697000000000000	1.37660595890178e-07	5.95519320150524e-08
0.00698000000000000	1.38874858463414e-07	6.38284447595727e-08
0.00699000000000000	1.39176634949821e-07	6.63654797249724e-08
0.00700000000000000	1.38592765169189e-07	6.71541305127291e-08
0.00701000000000000	1.37154818897624e-07	6.62297240866169e-08
0.00702000000000000	1.34898748155746e-07	6.36695373511359e-08
0.00703000000000000	1.31864522861833e-07	5.95895311874403e-08
0.00704000000000000	1.28095752666977e-07	5.41402150412959e-08
0.00705000000000000	1.23639297787871e-07	4.75017734513009e-08
0.00706000000000000	1.18544871633925e-07	3.98786003120648e-08
0.00707000000000000	1.12864637988950e-07	3.14933969577713e-08
0.00708000000000000	1.06652805454010e-07	2.25809961935231e-08
0.00709000000000000	9.99652217914700e-08	1.33820761759643e-08
0.00710000000000000	9.28589707266332e-08	4.13692564382846e-09
0.00711000000000000	8.53919736678207e-08	-4.92058438615889e-09
0.00712000000000000	7.76225986971729e-08	-1.35686774266897e-08
0.00713000000000000	6.96092790649184e-08	-2.16028652090362e-08
0.00714000000000000	6.14101432892141e-08	-2.88405429311930e-08
0.00715000000000000	5.30826588247758e-08	-3.51248894233621e-08
0.00716000000000000	4.46832911156179e-08	-4.03279961115000e-08
0.00717000000000000	3.62671796943445e-08	-4.43531704471892e-08
0.00718000000000000	2.78878328299712e-08	-4.71363819404430e-08
0.00719000000000000	1.95968420618151e-08	-4.86468414897314e-08
0.00720000000000000	1.14436177907137e-08	-4.88867267862965e-08
0.00721000000000000	3.47514692901332e-09	-4.78900876325135e-08
0.00722000000000000	-4.26422656106548e-09	-4.57209845625535e-08
0.00723000000000000	-1.17329975779547e-08	-4.24709317447487e-08
0.00724000000000000	-1.88926717503095e-08	-3.82557303935241e-08
0.00725000000000000	-2.57079129405977e-08	-3.32117915235316e-08
0.00726000000000000	-3.21466662205077e-08	-2.74920565934392e-08
0.00727000000000000	-3.81802563184009e-08	-2.12616312780381e-08
0.00728000000000000	-4.37834616894146e-08	-1.46932511766834e-08
0.00729000000000000	-4.89345645115883e-08	-7.96269874958751e-09
0.00730000000000000	-5.36153770505616e-08	-1.24428823080989e-09
0.00731000000000000	-5.78112449712753e-08	5.29347011944459e-09
0.00732000000000000	-6.15110283022954e-08	1.14919230871331e-08
0.00733000000000000	-6.47070608754078e-08	1.72059519273040e-08
0.00734000000000000	-6.73950891757095e-08	2.23071935407850e-08
0.00735000000000000	-6.95741916330420e-08	2.66867388221779e-08
0.00736000000000000	-7.12466794812761e-08	3.02572568351632e-08
0.00737000000000000	-7.24179803884751e-08	3.29545095317931e-08
0.00738000000000000	-7.30965061341291e-08	3.47382381592326e-08
0.00739000000000000	-7.32935056681283e-08	3.55924188930613e-08
0.00740000000000000	-7.30229049373080e-08	3.55249011677050e-08
0.00741000000000000	-7.23011349049641e-08	3.45664572686637e-08
0.00742000000000000	-7.11469492174955e-08	3.27692856513523e-08
0.00743000000000000	-6.95812329915506e-08	3.02050228420225e-08
0.00744000000000000	-6.76268042058853e-08	2.69623294025787e-08
0.00745000000000000	-6.53082091815642e-08	2.31441240808168e-08
0.00746000000000000	-6.26515136224345e-08	1.88645467746057e-08
0.00747000000000000	-5.96840906725242e-08	1.42457352125973e-08
0.00748000000000000	-5.64344074183781e-08	9.41450225758996e-09
0.00749000000000000	-5.29318112293309e-08	4.49900049691088e-09
0.00750000000000000	-4.92063172846629e-08	-3.74541630903665e-10
0.00751000000000000	-4.52883985902607e-08	-5.08493237982243e-09
0.00752000000000000	-4.12087797250941e-08	-9.51890443776273e-09
0.00753000000000000	-3.69982355021624e-08	-1.35737123634239e-08
0.00754000000000000	-3.26873956523752e-08	-1.71593835782827e-08
0.00755000000000000	-2.83065565750773e-08	-2.02005772564648e-08
0.00756000000000000	-2.38855011150221e-08	-2.26380167499257e-08
0.00757000000000000	-1.94533272494521e-08	-2.44294729918740e-08
0.00758000000000000	-1.50382864812329e-08	-2.55502883227412e-08
0.00759000000000000	-1.06676326513854e-08	-2.59934420659636e-08
0.00760000000000000	-6.36748179363041e-09	-2.57691706614938e-08
0.00761000000000000	-2.16268356505557e-09	-2.49041659577571e-08
0.00762000000000000	1.92329530065696e-09	-2.34403851225875e-08
0.00763000000000000	5.86847516422324e-09	-2.14335143438926e-08
0.00764000000000000	9.65245500930033e-09	-1.89511358586248e-08
0.00765000000000000	1.32564911501933e-08	-1.60706537517825e-08
0.00766000000000000	1.66635630275798e-08	-1.28770382740334e-08
0.00767000000000000	1.98584260844948e-08	-9.46045111111952e-09
0.00768000000000000	2.28276517971837e-08	-5.91381505674744e-09
0.00769000000000000	2.55596550119508e-08	-2.33039093883668e-09
0.00770000000000000	2.80447088172729e-08	1.19857751564861e-09
0.00771000000000000	3.02749472498817e-08	4.58609381614394e-09
0.00772000000000000	3.22443561994416e-08	7.75146172317104e-09
0.00773000000000000	3.39487529432213e-08	1.06221151193285e-08
0.00774000000000000	3.53857547960408e-08	1.31351857758304e-08
0.00775000000000000	3.65547374154065e-08	1.52387778685055e-08
0.00776000000000000	3.74567833516639e-08	1.68929264566636e-08
0.00777000000000000	3.80946214728484e-08	1.80702257967340e-08
0.00778000000000000	3.84725579338196e-08	1.87561221121426e-08
0.00779000000000000	3.85963993902575e-08	1.89488740440693e-08
0.00780000000000000	3.84733691853399e-08	1.86591922590307e-08
0.00781000000000000	3.81120172570491e-08	1.79095773964429e-08
0.00782000000000000	3.75221245332947e-08	1.67333825129579e-08
0.00783000000000000	3.67146025875684e-08	1.51736322851579e-08
0.00784000000000000	3.57013893383954e-08	1.32816363259963e-08
0.00785000000000000	3.44953415718807e-08	1.11154379711912e-08
0.00786000000000000	3.31101250658965e-08	8.73814271960347e-09
0.00787000000000000	3.15601030812952e-08	6.21617214617960e-09
0.00788000000000000	2.98602239752263e-08	3.61748953298343e-09
0.00789000000000000	2.80259086700956e-08	1.00984271551456e-09
0.00790000000000000	2.60729386922703e-08	-1.54093222556087e-09
0.00791000000000000	2.40173454673398e-08	-3.97250570242097e-09
0.00792000000000000	2.18753015283651e-08	-6.22751090418877e-09
0.00793000000000000	1.96630142627585e-08	-8.25482938291069e-09
0.00794000000000000	1.73966227860554e-08	-1.00106790092178e-08
0.00795000000000000	1.50920984937016e-08	-1.14594831819884e-08
0.00796000000000000	1.27651498008384e-08	-1.25745063402473e-08
0.00797000000000000	1.04311315376732e-08	-1.33382471750198e-08
0.00798000000000000	8.10495942457843e-09	-1.37425872980034e-08
0.00799000000000000	5.80103000512612e-09	-1.37886993445303e-08
0.00800000000000000	3.53314636965121e-09	-1.34867244098922e-08
0.00801000000000000	1.31444995322470e-09	-1.28552342031389e-08
0.00802000000000000	-8.42641352608722e-10	-1.19204982321036e-08
0.00803000000000000	-2.92648858369612e-09	-1.07155805905504e-08
0.00804000000000000	-4.92628043973802e-09	-9.27929442866453e-09
0.00805000000000000	-6.83207527552861e-09	-7.65504488062914e-09
0.00806000000000000	-8.63483629447290e-09	-5.88959305392421e-09
0.00807000000000000	-1.03264599381244e-08	-4.03177464399779e-09
0.00808000000000000	-1.18997975061847e-08	-2.13120681663329e-09
0.00809000000000000	-1.33486700847203e-08	-2.37016236996216e-10
0.00810000000000000	-1.46678768993618e-08	1.60338044638979e-09
0.00811000000000000	-1.58531972477046e-08	3.34541466063321e-09
0.00812000000000000	-1.69013862008402e-08	4.94839646988864e-09
0.00813000000000000	-1.78101642984643e-08	6.37641512241100e-09
0.00814000000000000	-1.85782014897912e-08	7.59909104759791e-09
0.00815000000000000	-1.92050956040898e-08	8.59216508304704e-09
0.00816000000000000	-1.96913456580397e-08	9.33791525419399e-09
0.00817000000000000	-2.00383203304804e-08	9.82539606937511e-09
0.00818000000000000	-2.02482219557466e-08	1.00504999132857e-08
0.00819000000000000	-2.03240464027937e-08	1.00158446067995e-08
0.00820000000000000	-2.02695392226317e-08	9.73049544465354e-09
0.00821000000000000	-2.00891484573533e-08	9.20953391782733e-09
0.00822000000000000	-1.97879745137122e-08	8.47348880160304e-09
0.00823000000000000	-1.93717175079788e-08	7.54764825063247e-09
0.00824000000000000	-1.88466224945034e-08	6.46127394864848e-09
0.00825000000000000	-1.82194229885225e-08	5.24674015737187e-09
0.00826000000000000	-1.74972831934298e-08	3.93862167862914e-09
0.00827000000000000	-1.66877393352685e-08	2.57275526582706e-09
0.00828000000000000	-1.57986405040880e-08	1.18529892063495e-09
0.00829000000000000	-1.48380893887589e-08	-1.88187212222052e-10
0.00830000000000000	-1.38143832814184e-08	-1.51361592792220e-09
0.00831000000000000	-1.27359557154246e-08	-2.75918341150612e-09
0.00832000000000000	-1.16113190841554e-08	-3.89609672025731e-09
0.00833000000000000	-1.04490085694363e-08	-4.89920262819471e-09
0.00834000000000000	-9.25752769399275e-09	-5.74750513486401e-09
0.00835000000000000	-8.04529578703880e-09	-6.42456214163940e-09
0.00836000000000000	-6.82059763506092e-09	-6.91875513477472e-09
0.00837000000000000	-5.59153556530283e-09	-7.22342910166971e-09
0.00838000000000000	-4.36598418614715e-09	-7.33690325719355e-09
0.00839000000000000	-3.15154798847781e-09	-7.26235638432134e-09
0.00840000000000000	-1.95552198040844e-09	-7.00759362848184e-09
0.00841000000000000	-7.84855512229305e-10	-6.58470434609468e-09
0.00842000000000000	3.53880584575721e-10	-6.00962304687159e-09
0.00843000000000000	1.45452344008855e-09	-5.30160752246032e-09
0.00844000000000000	2.51134409314198e-09	-4.48264989462407e-09
0.00845000000000000	3.51906988950181e-09	-3.57683750299190e-09
0.00846000000000000	4.47290330307807e-09	-2.60968128384084e-09
0.00847000000000000	5.36853717185604e-09	-1.60742954582342e-09
0.00848000000000000	6.20216636824495e-09	-5.96384857003965e-10
0.00849000000000000	6.97049594085156e-09	3.97758883796619e-10
0.00850000000000000	7.67074578854881e-09	1.35054316250994e-09
0.00851000000000000	8.30065194578831e-09	2.23932073880601e-09
0.00852000000000000	8.85846457825807e-09	3.04376783545576e-09
0.00853000000000000	9.34294280628251e-09	3.74632176233231e-09
0.00854000000000000	9.75334648540234e-09	4.33253532342329e-09
0.00855000000000000	1.00894250952822e-08	4.79134172502505e-09
0.00856000000000000	1.03514038954764e-08	5.11522614793117e-09
0.00857000000000000	1.05399675219574e-08	5.30030261445880e-09
0.00858000000000000	1.06562412093863e-08	5.34629720596216e-09
0.00859000000000000	1.07017698297860e-08	5.25644100602957e-09
0.00860000000000000	1.06784949507643e-08	5.03727830990009e-09
0.00861000000000000	1.05887301190484e-08	4.69839759282208e-09
0.00862000000000000	1.04351345798574e-08	4.25209443793485e-09
0.00863000000000000	1.02206856489283e-08	3.71297704347463e-09
0.00864000000000000	9.94864995167087e-09	3.09752603763197e-09
0.00865000000000000	9.62255374705388e-09	2.42362110870470e-09
0.00866000000000000	9.24615255179469e-09	1.71004739609238e-09
0.00867000000000000	8.82340027828092e-09	9.75994690874646e-10
0.00868000000000000	8.35841809513374e-09	2.40562261055677e-10
0.00869000000000000	7.85546321579912e-09	-4.77718426504724e-10
0.00870000000000000	7.31889781383277e-09	-1.16133165559084e-09
0.00871000000000000	6.75315825663652e-09	-1.79418574375687e-09
0.00872000000000000	6.16272484056157e-09	-2.36197264816341e-09
0.00873000000000000	5.55209220348462e-09	-2.85247138888857e-09
0.00874000000000000	4.92574057818304e-09	-3.25578943392400e-09
0.00875000000000000	4.28810804251266e-09	-3.56453793558290e-09
0.00876000000000000	3.64356390826979e-09	-3.77393849921741e-09
0.00877000000000000	2.99638338193464e-09	-3.88186095977577e-09
0.00878000000000000	2.35072361495990e-09	-3.88879339365211e-09
0.00879000000000000	1.71060125210065e-09	-3.79774725626724e-09
0.00880000000000000	1.07987157147832e-09	-3.61410207789427e-09
0.00881000000000000	4.62209297351138e-10	-3.34539552715580e-09
0.00882000000000000	-1.38908846542369e-10	-3.00106584398958e-09
0.00883000000000000	-7.20219787200274e-10	-2.59215461978002e-09
0.00884000000000000	-1.27868791463697e-09	-2.13097864598548e-09
0.00885000000000000	-1.81151702781386e-09	-1.63078005846787e-09
0.00886000000000000	-2.31616039654616e-09	-1.10536425430950e-09
0.00887000000000000	-2.79032893651425e-09	-5.68735072073193e-10
0.00888000000000000	-3.23199750436635e-09	-3.47364911539125e-11
0.00889000000000000	-3.63940933382434e-09	4.83290347673513e-10
0.00890000000000000	-4.01107864155975e-09	9.72826661302636e-10
0.00891000000000000	-4.34579144578834e-09	1.42246479117247e-09
0.00892000000000000	-4.64260464798244e-09	1.82215992858461e-09
0.00893000000000000	-4.90084343798862e-09	2.16343963891358e-09
0.00894000000000000	-5.12009709207531e-09	2.43956724844175e-09
0.00895000000000000	-5.30021324099443e-09	2.64565644199442e-09
0.00896000000000000	-5.44129069209840e-09	2.77873573032433e-09
0.00897000000000000	-5.54367089609690e-09	2.83776274646838e-09
0.00898000000000000	-5.60792815556087e-09	2.82358959562777e-09
0.00899000000000000	-5.63485867555761e-09	2.73888167321305e-09
0.00900000000000000	-5.62546856231756e-09	2.58799345940808e-09
0.00901000000000000	-5.58096087875419e-09	2.37680577054059e-09
0.00902000000000000	-5.50272186753384e-09	2.11252977337552e-09
0.00903000000000000	-5.39230645519467e-09	1.80348373912053e-09
0.00904000000000000	-5.25142315048842e-09	1.45884900727663e-09
0.00905000000000000	-5.08191845183594e-09	1.08841195209308e-09
0.00906000000000000	-4.88576087742517e-09	7.02298877987074e-10
0.00907000000000000	-4.66502472994130e-09	3.10710732650117e-10
0.00908000000000000	-4.42187370631953e-09	-7.63356877055546e-11
0.00909000000000000	-4.15854446158893e-09	-4.49253740400249e-10
0.00910000000000000	-3.87733023092165e-09	-7.99114364674052e-10
0.00911000000000000	-3.58056461106069e-09	-1.11784980466113e-09
0.00912000000000000	-3.27060559886553e-09	-1.39842925379736e-09
0.00913000000000000	-2.94981997869481e-09	-1.63500289065550e-09
0.00914000000000000	-2.62056814643715e-09	-1.82301168331813e-09
0.00915000000000000	-2.28518945154743e-09	-1.95926127974310e-09
0.00916000000000000	-1.94598813323498e-09	-2.04195926166723e-09
0.00917000000000000	-1.60521992069334e-09	-2.07071597989858e-09
0.00918000000000000	-1.26507936076801e-09	-2.04651009945778e-09
0.00919000000000000	-9.27687930201398e-10	-1.97162083329162e-09
0.00920000000000000	-5.95082981403750e-10	-1.84952962002388e-09
0.00921000000000000	-2.69207566889013e-10	-1.68479468016180e-09
0.00922000000000000	4.80988225510276e-11	-1.48290246036038e-09
0.00923000000000000	3.55108575953442e-10	-1.25010042970984e-09
0.00924000000000000	6.50213314386957e-10	-9.93216018761943e-10
0.00925000000000000	9.31930260059664e-10	-7.19466690864664e-10
0.00926000000000000	1.19890761544333e-09	-4.36266199303352e-10
0.00927000000000000	1.44992894742075e-09	-1.51032022541551e-10
0.00928000000000000	1.68391658109446e-09	1.29001220590804e-10
0.00929000000000000	1.89993401450699e-09	3.96957873249837e-10
0.00930000000000000	2.09718736686515e-09	6.46482762711675e-10
0.00931000000000000	2.27502588488063e-09	8.71884543961297e-10
0.00932000000000000	2.43294153095134e-09	1.06825783310703e-09
0.00933000000000000	2.57056768655900e-09	1.23158173009151e-09
0.00934000000000000	2.68767700613410e-09	1.35879299869203e-09
0.00935000000000000	2.78417846171121e-09	1.44783286341778e-09
0.00936000000000000	2.86011362244832e-09	1.49766707867094e-09
0.00937000000000000	2.91565221663613e-09	1.50827961008756e-09
0.00938000000000000	2.95108702692214e-09	1.48064091801182e-09
0.00939000000000000	2.96682817140878e-09	1.41665244241708e-09
0.00940000000000000	2.96339682613666e-09	1.31906943509305e-09
0.00941000000000000	2.94141844671408e-09	1.19140476190950e-09
0.00942000000000000	2.90161554596589e-09	1.03781669494374e-09
0.00943000000000000	2.84480008939929e-09	8.62984018271987e-10
0.00944000000000000	2.77186556585275e-09	6.71971989519916e-10
0.00945000000000000	2.68377879538237e-09	4.70092813447558e-10
0.00946000000000000	2.58157153316328e-09	2.62764309295066e-10
0.00947000000000000	2.46633192922976e-09	5.53703812392423e-11
0.00948000000000000	2.33919590246668e-09	-1.46873257081151e-10
0.00949000000000000	2.20133848503451e-09	-3.39044894084620e-10
0.00950000000000000	2.05396519365673e-09	-5.16631272339185e-10
0.00951000000000000	1.89830347983674e-09	-6.75628162097067e-10
0.00952000000000000	1.73559431296599e-09	-8.12624965628105e-10
0.00953000000000000	1.56708394184739e-09	-9.24871730024936e-10
0.00954000000000000	1.39401588307929e-09	-1.01032743765118e-09
0.00955000000000000	1.21762317920875e-09	-1.06768895161954e-09
0.00956000000000000	1.03912096619801e-09	-1.09640049920836e-09
0.00957000000000000	8.59699387803439e-10	-1.09664406734686e-09
0.00958000000000000	6.80516890805527e-10	-1.06931155479729e-09
0.00959000000000000	5.02693930804177e-10	-1.01595995758312e-09
0.00960000000000000	3.27307114978104e-10	-9.38751246198349e-10
0.00961000000000000	1.55383805779209e-10	-8.40378933176968e-10
0.00962000000000000	-1.21027953224782e-11	-7.23983593232848e-10
0.00963000000000000	-1.74238068618594e-10	-5.93059810346205e-10
0.00964000000000000	-3.30169888568638e-10	-4.51357160613564e-10
0.00965000000000000	-4.79112020154779e-10	-3.02777908344142e-10
0.00966000000000000	-6.20346992533786e-10	-1.51274090872363e-10
0.00967000000000000	-7.53228450479527e-10	-7.46599048073132e-13
0.00968000000000000	-8.77182982925226e-10	1.45051273591033e-10
0.00969000000000000	-9.91711435661558e-10	2.82603528688295e-10
0.00970000000000000	-1.09638971452627e-09	4.08712365010024e-10
0.00971000000000000	-1.19086909122373e-09	5.20568531117340e-10
0.00972000000000000	-1.27487602472215e-09	6.15809688971476e-10
0.00973000000000000	-1.34821151533071e-09	6.92565703533012e-10
0.00974000000000000	-1.41075000965459e-09	7.49490128548690e-10
0.00975000000000000	-1.46243787771431e-09	7.85777535247919e-10
0.00976000000000000	-1.50329148540123e-09	8.01166693580761e-10
0.00977000000000000	-1.53339488666434e-09	7.95929972430220e-10
0.00978000000000000	-1.55289716249809e-09	7.70849660094632e-10
0.00979000000000000	-1.56200943433395e-09	7.27182213399001e-10
0.00980000000000000	-1.56100158131315e-09	6.66611713612825e-10
0.00981000000000000	-1.55019869016856e-09	5.91194041485696e-10
0.00982000000000000	-1.52997727054831e-09	5.03293466291798e-10
0.00983000000000000	-1.50076126471641e-09	4.05513482606614e-10
0.00984000000000000	-1.46301788505523e-09	3.00623814781248e-10
0.00985000000000000	-1.41725331005156e-09	1.91485545968810e-10
0.00986000000000000	-1.36400827036562e-09	8.09763114647834e-11
0.00987000000000000	-1.30385355683919e-09	-2.80825639372898e-11
0.00988000000000000	-1.23738548022612e-09	-1.32995214425342e-10
0.00989000000000000	-1.16522131394891e-09	-2.31255046784902e-10
0.00990000000000000	-1.08799474747389e-09	-3.20601782463990e-10
0.00991000000000000	-1.00635138046368e-09	-3.99070508765859e-10
0.00992000000000000	-9.20944283543022e-10	-4.65031756696205e-10
0.00993000000000000	-8.32429651356217e-10	-5.17221883119220e-10
0.00994000000000000	-7.41462573870720e-10	-5.54763296928947e-10
0.00995000000000000	-6.48692946868166e-10	-5.77174342728335e-10
0.00996000000000000	-5.54761544300973e-10	-5.84368919238194e-10
0.00997000000000000	-4.60296272172875e-10	-5.76646166233202e-10
0.00998000000000000	-3.65908620759571e-10	-5.54670791863610e-10
0.00999000000000000	-2.72190332321191e-10	-5.19444831324977e-10
0.0100000000000000	-1.79710298004271e-10	-4.72271815174872e-10