t Cp1 Cp2
0	0	0
1.00000000000000e-05	-1.30864197530864e-05	-1.30864197530864e-05
2.00000000000000e-05	-5.17000200909583e-05	-5.14095499392828e-05
3.00000000000000e-05	-0.000114793720437978	-0.000113209898504767
4.00000000000000e-05	-0.000201199312384966	-0.000196193285712017
5.00000000000000e-05	-0.000309638628796131	-0.000297605383951621
6.00000000000000e-05	-0.000438735053344749	-0.000414315473796118
7.00000000000000e-05	-0.000587025287300913	-0.000542907020036734
8.00000000000000e-05	-0.000752971291394973	-0.000679772575587152
9.00000000000000e-05	-0.000934972322066350	-0.000821210490954517
0.000100000000000000	-0.00113137698335465	-0.000963520941153855
0.000110000000000000	-0.00134049521807166	-0.00110309887758864
0.000120000000000000	-0.00156061016468000	-0.00123652166519375
0.000130000000000000	-0.00178998980946706	-0.00136062936939512
0.000140000000000000	-0.00202689836710904	-0.00147259590642365
0.000150000000000000	-0.00226960732653698	-0.00156998955656001
0.000160000000000000	-0.00251640610311080	-0.00165082165462172
0.000170000000000000	-0.00276561224244361	-0.00171358260661719
0.000180000000000000	-0.00301558112576267	-0.00175726472694448
0.000190000000000000	-0.00326471513140952	-0.00178137173777914
0.000200000000000000	-0.00351147221193537	-0.00178591511258813
0.000210000000000000	-0.00375437385120386	-0.00177139777069182
0.000220000000000000	-0.00399201237093696	-0.00173878593178537
0.000230000000000000	-0.00422305756119786	-0.00168947021145898
0.000240000000000000	-0.00444626261436403	-0.00162521727512454
0.000250000000000000	-0.00466046934717227	-0.00154811356354938
0.000260000000000000	-0.00486461270038473	-0.00146050275477495
0.000270000000000000	-0.00505772451050178	-0.00136491873214295
0.000280000000000000	-0.00523893655270566	-0.00126401588529719
0.000290000000000000	-0.00540748285883217	-0.00116049858044663
0.000300000000000000	-0.00556270131861215	-0.00105705159913357
0.000310000000000000	-0.00570403457667650	-0.000956273263646333
0.000320000000000000	-0.00583103024185869	-0.000860612845478431
0.000330000000000000	-0.00594334042913683	-0.000772313695206113
0.000340000000000000	-0.00604072065811802	-0.000693363342953295
0.000350000000000000	-0.00612302813526545	-0.000625451603974808
0.000360000000000000	-0.00619021945009151	-0.000569937490015127
0.000370000000000000	-0.00624234771827749	-0.000527825480475660
0.000380000000000000	-0.00627955920712393	-0.000499751454651730
0.000390000000000000	-0.00630208948087941	-0.000485978333928618
0.000400000000000000	-0.00631025910533558	-0.000486401237186452
0.000410000000000000	-0.00630446895261002	-0.000500561719718791
0.000420000000000000	-0.00628519514826652	-0.000527670451175211
0.000430000000000000	-0.00625298370384657	-0.000566637496221041
0.000440000000000000	-0.00620844487850938	-0.000616109196864942
0.000450000000000000	-0.00615224731380696	-0.000674510521024606
0.000460000000000000	-0.00608511198566208	-0.000740091640302906
0.000470000000000000	-0.00600780601737997	-0.000810977432651251
0.000480000000000000	-0.00592113639701871	-0.000885218573213393
0.000490000000000000	-0.00582594364168091	-0.000960842878884265
0.000500000000000000	-0.00572309545028293	-0.00103590560783601
0.000510000000000000	-0.00561348038512131	-0.00110853748250328
0.000520000000000000	-0.00549800162110529	-0.00117698930059750
0.000530000000000000	-0.00537757079987371	-0.00123967212030999
0.000540000000000000	-0.00525310202418241	-0.00129519214910528
0.000550000000000000	-0.00512550602595055	-0.00134237962611498
0.000560000000000000	-0.00499568453920949	-0.00138031116153287
0.000570000000000000	-0.00486452490692385	-0.00140832517782313
0.000580000000000000	-0.00473289494826993	-0.00142603028216991
0.000590000000000000	-0.00460163811047933	-0.00143330658267864
0.000600000000000000	-0.00447156892680532	-0.00143030013783012
0.000610000000000000	-0.00434346879956319	-0.00141741089533362
0.000620000000000000	-0.00421808212455251	-0.00139527462895925
0.000630000000000000	-0.00409611277050682	-0.00136473951677115
0.000640000000000000	-0.00397822092455110	-0.00132683811859509
0.000650000000000000	-0.00386502031199794	-0.00128275560230673
0.000660000000000000	-0.00375707579619388	-0.00123379513602652
0.000670000000000000	-0.00365490136155551	-0.00118134140562415
0.000680000000000000	-0.00355895848042352	-0.00112682323379841
0.000690000000000000	-0.00346965486192690	-0.00107167626878745
0.000700000000000000	-0.00338734357870169	-0.00101730667847688
0.000710000000000000	-0.00331232256506094	-0.000965056730879625
0.000720000000000000	-0.00324483447807567	-0.000916173066749923
0.000730000000000000	-0.00318506691101137	-0.000871778376998987
0.000740000000000000	-0.00313315294667836	-0.000832847089505680
0.000750000000000000	-0.00308917203650696	-0.000800185550052178
0.000760000000000000	-0.00305315118955445	-0.000774417053846417
0.000770000000000000	-0.00302506645419714	-0.000755971950910331
0.000780000000000000	-0.00300484467396184	-0.000745082914018238
0.000790000000000000	-0.00299236549780900	-0.000741785325291492
0.000800000000000000	-0.00298746362419848	-0.000745922610262911
0.000810000000000000	-0.00298993125744772	-0.000757156229250726
0.000820000000000000	-0.00299952075423292	-0.000774979927955397
0.000830000000000000	-0.00301594743758434	-0.000798737754678202
0.000840000000000000	-0.00303889255538563	-0.000827645272410972
0.000850000000000000	-0.00306800636020166	-0.000860813331766753
0.000860000000000000	-0.00310291128722553	-0.000897273726344987
0.000870000000000000	-0.00314320520724857	-0.000936006026202831
0.000880000000000000	-0.00318846473181244	-0.000975964877706042
0.000890000000000000	-0.00323824854809328	-0.00101610706875994
0.000900000000000000	-0.00329210076158778	-0.00105541768643212
0.000910000000000000	-0.00334955422531265	-0.00109293473802421
0.000920000000000000	-0.00341013383498441	-0.00112777166511715
0.000930000000000000	-0.00347335977050709	-0.00115913725107831
0.000940000000000000	-0.00353875066505337	-0.00118635250380141
0.000950000000000000	-0.00360582668406964	-0.00120886418468238
0.000960000000000000	-0.00367411249765908	-0.00122625474952240
0.000970000000000000	-0.00374314013098941	-0.00123824856464064
0.000980000000000000	-0.00381245167862294	-0.00124471435942924
0.000990000000000000	-0.00388160186996793	-0.00124566397241729
0.00100000000000000	-0.00395016047439007	-0.00124124753928765
0.00101000000000000	-0.00401771453589374	-0.00123174535605298
0.00102000000000000	-0.00408387042867309	-0.00121755672682361
0.00103000000000000	-0.00414825572623465	-0.00119918617164283
0.00104000000000000	-0.00421052087819704	-0.00117722742438581
0.00105000000000000	-0.00427034069026903	-0.00115234569270921
0.00106000000000000	-0.00432741560428856	-0.00112525868084013
0.00107000000000000	-0.00438147277656190	-0.00109671689129622
0.00108000000000000	-0.00443226695406711	-0.00106748372347568
0.00109000000000000	-0.00447958114937264	-0.00103831587582396
0.00110000000000000	-0.00452322711636187	-0.00100994453466824
0.00111000000000000	-0.00456304563004256	-0.000983057797795807
0.00112000000000000	-0.00459890657485042	-0.000958284735677850
0.00113000000000000	-0.00463070884692242	-0.000936181439361961
0.00114000000000000	-0.00465838007681431	-0.000917219343104281
0.00115000000000000	-0.00468187618006316	-0.000901776043540463
0.00116000000000000	-0.00470118074384636	-0.000890128767437915
0.00117000000000000	-0.00471630425876044	-0.000882450568693186
0.00118000000000000	-0.00472728320543396	-0.000878809264083726
0.00119000000000000	-0.00473417900629642	-0.000879169048134023
0.00120000000000000	-0.00473707685334914	-0.000883394661987590
0.00121000000000000	-0.00473608442322285	-0.000891257930917961
0.00122000000000000	-0.00473133049116095	-0.000902446431414353
0.00123000000000000	-0.00472296345583708	-0.000916574002783804
0.00124000000000000	-0.00471114978710194	-0.000933192780834698
0.00125000000000000	-0.00469607240885840	-0.000951806403114383
0.00126000000000000	-0.00467792902928823	-0.000971884016779424
0.00127000000000000	-0.00465693043060019	-0.000992874711637354
0.00128000000000000	-0.00463329873034064	-0.00101422200211748
0.00129000000000000	-0.00460726562610781	-0.00103537799256686
0.00130000000000000	-0.00457907063524223	-0.00105581687976127
0.00131000000000000	-0.00454895934073292	-0.00107504747410097
0.00132000000000000	-0.00451718165418610	-0.00109262445567783
0.00133000000000000	-0.00448399010625377	-0.00110815812215764
0.00134000000000000	-0.00444963817441935	-0.00112132243100240
0.00135000000000000	-0.00441437865749081	-0.00113186118766516
0.00136000000000000	-0.00437846210556290	-0.00113959228267855
0.00137000000000000	-0.00434213531358516	-0.00114440993266882
0.00138000000000000	-0.00430563988601570	-0.00114628493192515
0.00139000000000000	-0.00426921087935741	-0.00114526297095694
0.00140000000000000	-0.00423307552866939	-0.00114146112528554
0.00141000000000000	-0.00419745206342529	-0.00113506266045812
0.00142000000000000	-0.00416254861735901	-0.00112631033699471
0.00143000000000000	-0.00412856223620031	-0.00111549843089382
0.00144000000000000	-0.00409567798646349	-0.00110296371081005
0.00145000000000000	-0.00406406816771700	-0.00108907563163900
0.00146000000000000	-0.00403389163003334	-0.00107422601575008
0.00147000000000000	-0.00400529319760354	-0.00105881849743160
0.00148000000000000	-0.00397840319880077	-0.00104325800337240
0.00149000000000000	-0.00395333710229880	-0.00102794053249196
0.00150000000000000	-0.00393019525819558	-0.00101324348259984
0.00151000000000000	-0.00390906274246458	-0.000999516749811375
0.00152000000000000	-0.00389000930245852	-0.000987074800093895
0.00153000000000000	-0.00387308940062591	-0.000976189881589887
0.00154000000000000	-0.00385834235307184	-0.000967086512365964
0.00155000000000000	-0.00384579255910367	-0.000959937341926076
0.00156000000000000	-0.00383544981745078	-0.000954860447190505
0.00157000000000000	-0.00382730972443796	-0.000951918085666480
0.00158000000000000	-0.00382135414902460	-0.000951116891187209
0.00159000000000000	-0.00381755177929834	-0.000952409461792863
0.00160000000000000	-0.00381585873473229	-0.000955697255920880
0.00161000000000000	-0.00381621923828035	-0.000960834682828017
0.00162000000000000	-0.00381856634219499	-0.000967634246743520
0.00163000000000000	-0.00382282270130625	-0.000975872582195266
0.00164000000000000	-0.00382890138739936	-0.000985297200675522
0.00165000000000000	-0.00383670673826964	-0.000995633756603550
0.00166000000000000	-0.00384613523501778	-0.00100659363354572
0.00167000000000000	-0.00385707640117317	-0.00101788164988158
0.00168000000000000	-0.00386941371729771	-0.00102920368643619
0.00169000000000000	-0.00388302554482486	-0.00104027404679023
0.00170000000000000	-0.00389778605302749	-0.00105082237367060
0.00171000000000000	-0.00391356614318030	-0.00106059996155469
0.00172000000000000	-0.00393023436418771	-0.00106938532584307
0.00173000000000000	-0.00394765781418171	-0.00107698891204922
0.00174000000000000	-0.00396570302285603	-0.00108325685375096
0.00175000000000000	-0.00398423680958879	-0.00108807371483952
0.00176000000000000	-0.00400312711271421	-0.00109136417916959
0.00177000000000000	-0.00402224378563169	-0.00109309367833873
0.00178000000000000	-0.00404145935578498	-0.00109326797531099
0.00179000000000000	-0.00406064974290314	-0.00109193174729012
0.00180000000000000	-0.00407969493326475	-0.00108916623503572
0.00181000000000000	-0.00409847960712594	-0.00108508604716512
0.00182000000000000	-0.00411689371683767	-0.00107983522643316
0.00183000000000000	-0.00413483301356580	-0.00107358270015995
0.00184000000000000	-0.00415219952091720	-0.00106651724860502
0.00185000000000000	-0.00416890195416239	-0.00105884213298336
0.00186000000000000	-0.00418485608412920	-0.00105076952890576
0.00187000000000000	-0.00419998504521929	-0.00104251491131836
0.00188000000000000	-0.00421421958736846	-0.00103429153362762
0.00189000000000000	-0.00422749827213005	-0.00102630513682817
0.00190000000000000	-0.00423976761340705	-0.00101874901438480
0.00191000000000000	-0.00425098216369024	-0.00101179954570956
0.00192000000000000	-0.00426110454697588	-0.00100561229573547
0.00193000000000000	-0.00427010543983509	-0.00100031876078173
0.00194000000000000	-0.00427796350238704	-0.000996023822128446
0.00195000000000000	-0.00428466526118835	-0.000992803948990344
0.00196000000000000	-0.00429020494629044	-0.000990706172425085
0.00197000000000000	-0.00429458428493395	-0.000989747831651699
0.00198000000000000	-0.00429781225454489	-0.000989917074790810
0.00199000000000000	-0.00429990479786915	-0.000991174077640365
0.00200000000000000	-0.00430088450323114	-0.000993452927197801
0.00201000000000000	-0.00430078025302796	-0.000996664101609596
0.00202000000000000	-0.00429962684367221	-0.00100069746539078
0.00203000000000000	-0.00429746458027526	-0.00100542568836376
0.00204000000000000	-0.00429433884941809	-0.00101070798900201
0.00205000000000000	-0.00429029967338936	-0.00101639409784176
0.00206000000000000	-0.00428540124928054	-0.00102232833438399
0.00207000000000000	-0.00427970147631650	-0.00102835369141796
0.00208000000000000	-0.00427326147476772	-0.00103431582385677
0.00209000000000000	-0.00426614509973765	-0.00104006684482251
0.00210000000000000	-0.00425841845304755	-0.00104546883963163
0.00211000000000000	-0.00425014939635149	-0.00105039701824217
0.00212000000000000	-0.00424140706850772	-0.00105474243831822
0.00213000000000000	-0.00423226141011064	-0.00105841424400189
0.00214000000000000	-0.00422278269795098	-0.00106134137938962
0.00215000000000000	-0.00421304109202221	-0.00106347375020826
0.00216000000000000	-0.00420310619752954	-0.00106478282189433
0.00217000000000000	-0.00419304664418643	-0.00106526165682006
0.00218000000000000	-0.00418292968490232	-0.00106492440742249
0.00219000000000000	-0.00417282081577738	-0.00106380529514131
0.00220000000000000	-0.00416278341912518	-0.00106195711705396
0.00221000000000000	-0.00415287843104541	-0.00105944933264827
0.00222000000000000	-0.00414316403486603	-0.00105636579207367
0.00223000000000000	-0.00413369538156986	-0.00105280217428954
0.00224000000000000	-0.00412452433811581	-0.00104886320866426
0.00225000000000000	-0.00411569926436045	-0.00104465975670177
0.00226000000000000	-0.00410726481908336	-0.00104030583167003
0.00227000000000000	-0.00409926179542100	-0.00103591563301348
0.00228000000000000	-0.00409172698581848	-0.00103160066963463
0.00229000000000000	-0.00408469307641996	-0.00102746704155890
0.00230000000000000	-0.00407818857063511	-0.00102361294332242
0.00231000000000000	-0.00407223774144409	-0.00102012644485047
0.00232000000000000	-0.00406686061183592	-0.00101708359685949
0.00233000000000000	-0.00406207296261747	-0.00101454689817339
0.00234000000000000	-0.00405788636668174	-0.00101256415206784
0.00235000000000000	-0.00405430824868645	-0.00101116772812058
0.00236000000000000	-0.00405134196896683	-0.00101037423533250
0.00237000000000000	-0.00404898693039114	-0.00101018460176322
0.00238000000000000	-0.00404723870676366	-0.00101058454585586
0.00239000000000000	-0.00404608919128810	-0.00101154541524642
0.00240000000000000	-0.00404552676352514	-0.00101302536037888
0.00241000000000000	-0.00404553647321038	-0.00101497080286119
0.00242000000000000	-0.00404610023924473	-0.00101731815235170
0.00243000000000000	-0.00404719706212654	-0.00101999572097558
0.00244000000000000	-0.00404880324806484	-0.00102292578091386
0.00245000000000000	-0.00405089264299493	-0.00102602670892324
0.00246000000000000	-0.00405343687471142	-0.00102921516113367
0.00247000000000000	-0.00405640560133854	-0.00103240822249653
0.00248000000000000	-0.00405976676437412	-0.00103552547764843
0.00249000000000000	-0.00406348684457023	-0.00103849095361040
0.00250000000000000	-0.00406753111895026	-0.00104123488952808
0.00251000000000000	-0.00407186391730867	-0.00104369529441963
0.00252000000000000	-0.00407644887659508	-0.00104581926045874
0.00253000000000000	-0.00408124919164787	-0.00104756400648977
0.00254000000000000	-0.00408622786081389	-0.00104889763405213
0.00255000000000000	-0.00409134792506903	-0.00104979958597722
0.00256000000000000	-0.00409657269933924	-0.00105026080541155
0.00257000000000000	-0.00410186599481125	-0.00105028360071859
0.00258000000000000	-0.00410719233111736	-0.00104988122893347
0.00259000000000000	-0.00411251713737754	-0.00104907721712033
0.00260000000000000	-0.00411780694118409	-0.00104790444696049
0.00261000000000000	-0.00412302954471905	-0.00104640403305271
0.00262000000000000	-0.00412815418730081	-0.00104462402963121
0.00263000000000000	-0.00413315169376417	-0.00104261800362561
0.00264000000000000	-0.00413799460818592	-0.00104044351415070
0.00265000000000000	-0.00414265731257569	-0.00103816053960170
0.00266000000000000	-0.00414711613025845	-0.00103582989354872
0.00267000000000000	-0.00415134941377985	-0.00103351166960656
0.00268000000000000	-0.00415533761726875	-0.00103126375345978
0.00269000000000000	-0.00415906335329068	-0.00102914043733098
0.00270000000000000	-0.00416251143432295	-0.00102719116849110
0.00271000000000000	-0.00416566889907465	-0.00102545945904469
0.00272000000000000	-0.00416852502396307	-0.00102398197930927
0.00273000000000000	-0.00417107132014203	-0.00102278785178899
0.00274000000000000	-0.00417330151655563	-0.00102189815716329
0.00275000000000000	-0.00417521152956436	-0.00102132565802163
0.00276000000000000	-0.00417679941975778	-0.00102107474042039
0.00277000000000000	-0.00417806533662901	-0.00102114156786000
0.00278000000000000	-0.00417901145184182	-0.00102151443711061
0.00279000000000000	-0.00417964188186954	-0.00102217432057406
0.00280000000000000	-0.00417996260082764	-0.00102309557566335
0.00281000000000000	-0.00417998134435755	-0.00102424679809814
0.00282000000000000	-0.00417970750544859	-0.00102559179312557
0.00283000000000000	-0.00417915202310782	-0.00102709063653098
0.00284000000000000	-0.00417832726480384	-0.00102870079593351
0.00285000000000000	-0.00417724690362073	-0.00103037828227692
0.00286000000000000	-0.00417592579106209	-0.00103207880161564
0.00287000000000000	-0.00417437982644276	-0.00103375887823250
0.00288000000000000	-0.00417262582379814	-0.00103537692175830
0.00289000000000000	-0.00417068137722690	-0.00103689421323354
0.00290000000000000	-0.00416856472556424	-0.00103827578788093
0.00291000000000000	-0.00416629461725864	-0.00103949119565490
0.00292000000000000	-0.00416389017629634	-0.00104051512430428
0.00293000000000000	-0.00416137076998459	-0.00104132787362216
0.00294000000000000	-0.00415875587936736	-0.00104191567365503
0.00295000000000000	-0.00415606497300654	-0.00104227084379417
0.00296000000000000	-0.00415331738481701	-0.00104239179376917
0.00297000000000000	-0.00415053219659702	-0.00104228287150590
0.00298000000000000	-0.00414772812584558	-0.00104195406650425
0.00299000000000000	-0.00414492341940638	-0.00104142058074993
0.00300000000000000	-0.00414213575342441	-0.00104070228212591
0.00301000000000000	-0.00413938214004614	-0.00103982305777048
0.00302000000000000	-0.00413667884123827	-0.00103881008679421
0.00303000000000000	-0.00413404129004337	-0.00103769305318241
0.00304000000000000	-0.00413148401953380	-0.00103650332055696
0.00305000000000000	-0.00412902059966885	-0.00103527309074606
0.00306000000000000	-0.00412666358220352	-0.00103403456782528
0.00307000000000000	-0.00412442445374225	-0.00103281914847249
0.00308000000000000	-0.00412231359697656	-0.00103165665816006
0.00309000000000000	-0.00412034026009289	-0.00103057465093976
0.00310000000000000	-0.00411851253428591	-0.00102959778841681
0.00311000000000000	-0.00411683733926340	-0.00102874731102708
0.00312000000000000	-0.00411532041658258	-0.00102804061199723
0.00313000000000000	-0.00411396633061284	-0.00102749092145871
0.00314000000000000	-0.00411277847687880	-0.00102710710518193
0.00315000000000000	-0.00411175909749867	-0.00102689357937451
0.00316000000000000	-0.00411090930339732	-0.00102685034002416
0.00317000000000000	-0.00411022910294067	-0.00102697310243537
0.00318000000000000	-0.00410971743660918	-0.00102725354397589
0.00319000000000000	-0.00410937221730165	-0.00102767964067501
0.00320000000000000	-0.00410919037583849	-0.00102823608625134
0.00321000000000000	-0.00410916791121422	-0.00102890478043589
0.00322000000000000	-0.00410929994513314	-0.00102966537212882
0.00323000000000000	-0.00410958078035011	-0.00103049584200556
0.00324000000000000	-0.00411000396232926	-0.00103137310868199
0.00325000000000000	-0.00411056234372797	-0.00103227364245710
0.00326000000000000	-0.00411124815121124	-0.00103317407096532
0.00327000000000000	-0.00411205305410234	-0.00103405176176835
0.00328000000000000	-0.00411296823437995	-0.00103488536796819
0.00329000000000000	-0.00411398445753840	-0.00103565532429173
0.00330000000000000	-0.00411509214383819	-0.00103634428273841
0.00331000000000000	-0.00411628143948548	-0.00103693747874551
0.00332000000000000	-0.00411754228729510	-0.00103742302085823
0.00333000000000000	-0.00411886449640832	-0.00103779209903520
0.00334000000000000	-0.00412023781065623	-0.00103803910891996
0.00335000000000000	-0.00412165197518116	-0.00103816169160481
0.00336000000000000	-0.00412309680095154	-0.00103816069055350
0.00337000000000000	-0.00412456222683039	-0.00103804002937870
0.00338000000000000	-0.00412603837888380	-0.00103780651604357
0.00339000000000000	-0.00412751562664298	-0.00103746958073039
0.00340000000000000	-0.00412898463606161	-0.00103704095605857
0.00341000000000000	-0.00413043641893922	-0.00103653430950944
0.00342000000000000	-0.00413186237861079	-0.00103596483880595
0.00343000000000000	-0.00413325435173252	-0.00103534884158758
0.00344000000000000	-0.00413460464602370	-0.00103470327100919
0.00345000000000000	-0.00413590607385439	-0.00103404528887956
0.00346000000000000	-0.00413715198159845	-0.00103339182765087
0.00347000000000000	-0.00413833627470036	-0.00103275917199094
0.00348000000000000	-0.00413945343843307	-0.00103216256983937
0.00349000000000000	-0.00414049855435200	-0.00103161588179510
0.00350000000000000	-0.00414146731247709	-0.00103113127644020
0.00351000000000000	-0.00414235601926072	-0.00103071897781005
0.00352000000000000	-0.00414316160142419	-0.00103038706971332
0.00353000000000000	-0.00414388160576863	-0.00103014136002753
0.00354000000000000	-0.00414451419508834	-0.00102998530648978
0.00355000000000000	-0.00414505814033510	-0.00102992000390826
0.00356000000000000	-0.00414551280920079	-0.00102994423117861
0.00357000000000000	-0.00414587815130300	-0.00103005455503650
0.00358000000000000	-0.00414615468017394	-0.00103024548614859
0.00359000000000000	-0.00414634345226668	-0.00103050968196689
0.00360000000000000	-0.00414644604320484	-0.00103083818977175
0.00361000000000000	-0.00414646452151198	-0.00103122072252603
0.00362000000000000	-0.00414640142006557	-0.00103164595957061
0.00363000000000000	-0.00414625970552688	-0.00103210186381867
0.00364000000000000	-0.00414604274600287	-0.00103257600695415
0.00365000000000000	-0.00414575427719951	-0.00103305589420697
0.00366000000000000	-0.00414539836732694	-0.00103352928055378
0.00367000000000000	-0.00414497938101694	-0.00103398447066578
0.00368000000000000	-0.00414450194251065	-0.00103441059557603
0.00369000000000000	-0.00414397089837159	-0.00103479785984546
0.00370000000000000	-0.00414339127997341	-0.00103513775394476
0.00371000000000000	-0.00414276826600576	-0.00103542322761035
0.00372000000000000	-0.00414210714523367	-0.00103564882104757
0.00373000000000000	-0.00414141327973692	-0.00103581075201243
0.00374000000000000	-0.00414069206884568	-0.00103590695797467
0.00375000000000000	-0.00413994891397753	-0.00103593709371906
0.00376000000000000	-0.00413918918456886	-0.00103590248585111
0.00377000000000000	-0.00413841818528057	-0.00103580604671007
0.00378000000000000	-0.00413764112464447	-0.00103565215113408
0.00379000000000000	-0.00413686308530229	-0.00103544648034717
0.00380000000000000	-0.00413608899597462	-0.00103519583792973
0.00381000000000000	-0.00413532360528158	-0.00103490794337945
0.00382000000000000	-0.00413457145752185	-0.00103459120915926
0.00383000000000000	-0.00413383687050080	-0.00103425450735787
0.00384000000000000	-0.00413312391548277	-0.00103390693215657
0.00385000000000000	-0.00413243639932669	-0.00103355756420588
0.00386000000000000	-0.00413177784884901	-0.00103321524277498
0.00387000000000000	-0.00413115149744188	-0.00103288835115687
0.00388000000000000	-0.00413056027396006	-0.00103258462030555
0.00389000000000000	-0.00413000679387494	-0.00103231095506657
0.00390000000000000	-0.00412949335267996	-0.00103207328665657
0.00391000000000000	-0.00412902192151805	-0.00103187645427228
0.00392000000000000	-0.00412859414498868	-0.00103172411788635
0.00393000000000000	-0.00412821134107955	-0.00103161870343829
0.00394000000000000	-0.00412787450315658	-0.00103156138077673
0.00395000000000000	-0.00412758430393472	-0.00103155207387405
0.00396000000000000	-0.00412734110134231	-0.00103158950203880
0.00397000000000000	-0.00412714494618230	-0.00103167125011197
0.00398000000000000	-0.00412699559148564	-0.00103179386496807
0.00399000000000000	-0.00412689250344462	-0.00103195297506554
0.00400000000000000	-0.00412683487380745	-0.00103214342931373
0.00401000000000000	-0.00412682163361028	-0.00103235945115645
0.00402000000000000	-0.00412685146811781	-0.00103259480351832
0.00403000000000000	-0.00412692283284063	-0.00103284296012498
0.00404000000000000	-0.00412703397049432	-0.00103309727868897
0.00405000000000000	-0.00412718292876404	-0.00103335117154907
0.00406000000000000	-0.00412736757873738	-0.00103359826955343
0.00407000000000000	-0.00412758563386831	-0.00103383257528007
0.00408000000000000	-0.00412783466933619	-0.00103404860207906
0.00409000000000000	-0.00412811214166558	-0.00103424149588841
0.00410000000000000	-0.00412841540847496	-0.00103440713730479
0.00411000000000000	-0.00412874174822611	-0.00103454222196588
0.00412000000000000	-0.00412908837984986	-0.00103464431790783
0.00413000000000000	-0.00412945248212829	-0.00103471189918233
0.00414000000000000	-0.00412983121271941	-0.00103474435563698
0.00415000000000000	-0.00413022172671548	-0.00103474197936502
0.00416000000000000	-0.00413062119463300	-0.00103470592890119
0.00417000000000000	-0.00413102681973907	-0.00103463817276550
0.00418000000000000	-0.00413143585462575	-0.00103454141442594
0.00419000000000000	-0.00413184561695198	-0.00103441900115237
0.00420000000000000	-0.00413225350428004	-0.00103427481956124
0.00421000000000000	-0.00413265700794173	-0.00103411318089672
0.00422000000000000	-0.00413305372587755	-0.00103393869925600
0.00423000000000000	-0.00413344137440030	-0.00103375616604262
0.00424000000000000	-0.00413381779884310	-0.00103357042392281
0.00425000000000000	-0.00413418098305981	-0.00103338624346925
0.00426000000000000	-0.00413452905775411	-0.00103320820550845
0.00427000000000000	-0.00413486030762198	-0.00103304059194943
0.00428000000000000	-0.00413517317729965	-0.00103288728757073
0.00429000000000000	-0.00413546627611748	-0.00103275169488894
0.00430000000000000	-0.00413573838166725	-0.00103263666383616
0.00431000000000000	-0.00413598844219790	-0.00103254443754723
0.00432000000000000	-0.00413621557786151	-0.00103247661511122
0.00433000000000000	-0.00413641908083784	-0.00103243413168860
0.00434000000000000	-0.00413659841437201	-0.00103241725594593
0.00435000000000000	-0.00413675321076565	-0.00103242560432644
0.00436000000000000	-0.00413688326836701	-0.00103245817126661
0.00437000000000000	-0.00413698854761059	-0.00103251337409606
0.00438000000000000	-0.00413706916616123	-0.00103258911102898
0.00439000000000000	-0.00413712539322121	-0.00103268283037611
0.00440000000000000	-0.00413715764306280	-0.00103279160888356
0.00441000000000000	-0.00413716646785125	-0.00103291223694110
0.00442000000000000	-0.00413715254982570	-0.00103304130830127
0.00443000000000000	-0.00413711669290764	-0.00103317531191151
0.00444000000000000	-0.00413705981380753	-0.00103331072348416
0.00445000000000000	-0.00413698293270158	-0.00103344409451060
0.00446000000000000	-0.00413688716355084	-0.00103357213656237
0.00447000000000000	-0.00413677370413472	-0.00103369179890889
0.00448000000000000	-0.00413664382587089	-0.00103380033771118
0.00449000000000000	-0.00413649886349213	-0.00103389537531802
0.00450000000000000	-0.00413634020464981	-0.00103397494848601
0.00451000000000000	-0.00413616927951166	-0.00103403754466081
0.00452000000000000	-0.00413598755041950	-0.00103408212578410
0.00453000000000000	-0.00413579650167023	-0.00103410813942120
0.00454000000000000	-0.00413559762948038	-0.00103411551732968
0.00455000000000000	-0.00413539243219175	-0.00103410466190104
0.00456000000000000	-0.00413518240077218	-0.00103407642119892
0.00457000000000000	-0.00413496900966186	-0.00103403205358102
0.00458000000000000	-0.00413475370801202	-0.00103397318312264
0.00459000000000000	-0.00413453791135879	-0.00103390174725274
0.00460000000000000	-0.00413432299377087	-0.00103381993816441
0.00461000000000000	-0.00413411028050556	-0.00103373013966908
0.00462000000000000	-0.00413390104120343	-0.00103363486122555
0.00463000000000000	-0.00413369648364738	-0.00103353667089152
0.00464000000000000	-0.00413349774810769	-0.00103343812891698
0.00465000000000000	-0.00413330590229022	-0.00103334172362874
0.00466000000000000	-0.00413312193690042	-0.00103324981114544
0.00467000000000000	-0.00413294676183197	-0.00103316456031798
0.00468000000000000	-0.00413278120298397	-0.00103308790411432
0.00469000000000000	-0.00413262599970731	-0.00103302149846782
0.00470000000000000	-0.00413248180287620	-0.00103296668938798
0.00471000000000000	-0.00413234917357749	-0.00103292448889980
0.00472000000000000	-0.00413222858240641	-0.00103289556013820
0.00473000000000000	-0.00413212040935426	-0.00103288021168321
0.00474000000000000	-0.00413202494426991	-0.00103287840098713
0.00475000000000000	-0.00413194238787428	-0.00103288974652037
0.00476000000000000	-0.00413187285330392	-0.00103291354805592
0.00477000000000000	-0.00413181636815736	-0.00103294881432555
0.00478000000000000	-0.00413177287701544	-0.00103299429712005
0.00479000000000000	-0.00413174224440495	-0.00103304853077302
0.00480000000000000	-0.00413172425817276	-0.00103310987586577
0.00481000000000000	-0.00413171863323651	-0.00103317656592146
0.00482000000000000	-0.00413172501567624	-0.00103324675582039
0.00483000000000000	-0.00413174298713043	-0.00103331857066500
0.00484000000000000	-0.00413177206945933	-0.00103339015385208
0.00485000000000000	-0.00413181172963772	-0.00103345971316851
0.00486000000000000	-0.00413186138483902	-0.00103352556381439
0.00487000000000000	-0.00413192040767287	-0.00103358616736856
0.00488000000000000	-0.00413198813153822	-0.00103364016584535
0.00489000000000000	-0.00413206385605466	-0.00103368641014094
0.00490000000000000	-0.00413214685253537	-0.00103372398233133
0.00491000000000000	-0.00413223636946589	-0.00103375221145542
0.00492000000000000	-0.00413233163795394	-0.00103377068259171
0.00493000000000000	-0.00413243187711716	-0.00103377923921223
0.00494000000000000	-0.00413253629937644	-0.00103377797896645
0.00495000000000000	-0.00413264411562489	-0.00103376724320845
0.00496000000000000	-0.00413275454024345	-0.00103374760072801
0.00497000000000000	-0.00413286679593666	-0.00103371982627742
0.00498000000000000	-0.00413298011836377	-0.00103368487459799
0.00499000000000000	-0.00413309376054230	-0.00103364385074119
0.00500000000000000	-0.00413320699700379	-0.00103359797754734
0.00501000000000000	-0.00413331912768307	-0.00103354856118916
0.00502000000000000	-0.00413342948152526	-0.00103349695570734
0.00503000000000000	-0.00413353741979646	-0.00103344452746147
0.00504000000000000	-0.00413364233908668	-0.00103339262039271
0.00505000000000000	-0.00413374367399590	-0.00103334252294579
0.00506000000000000	-0.00413384089949618	-0.00103329543742963
0.00507000000000000	-0.00413393353296526	-0.00103325245250978
0.00508000000000000	-0.00413402113588914	-0.00103321451942547
0.00509000000000000	-0.00413410331523337	-0.00103318243241165
0.00510000000000000	-0.00413417972448488	-0.00103315681368550
0.00511000000000000	-0.00413425006436808	-0.00103313810323089
0.00512000000000000	-0.00413431408324108	-0.00103312655348627
0.00513000000000000	-0.00413437157717954	-0.00103312222891468
0.00514000000000000	-0.00413442238975754	-0.00103312501031302
0.00515000000000000	-0.00413446641153625	-0.00103313460360232
0.00516000000000000	-0.00413450357927302	-0.00103315055273708
0.00517000000000000	-0.00413453387486448	-0.00103317225627895
0.00518000000000000	-0.00413455732403881	-0.00103319898710261
0.00519000000000000	-0.00413457399481328	-0.00103322991463972
0.00520000000000000	-0.00413458399573409	-0.00103326412902154
0.00521000000000000	-0.00413458747391664	-0.00103330066645355
0.00522000000000000	-0.00413458461290454	-0.00103333853514528
0.00523000000000000	-0.00413457563036693	-0.00103337674112586
0.00524000000000000	-0.00413456077565332	-0.00103341431330020
0.00525000000000000	-0.00413454032722615	-0.00103345032713953
0.00526000000000000	-0.00413451458999083	-0.00103348392645414
0.00527000000000000	-0.00413448389254351	-0.00103351434276125
0.00528000000000000	-0.00413444858435631	-0.00103354091183706
0.00529000000000000	-0.00413440903291985	-0.00103356308712578
0.00530000000000000	-0.00413436562086232	-0.00103358044976759
0.00531000000000000	-0.00413431874306397	-0.00103359271510010
0.00532000000000000	-0.00413426880378541	-0.00103359973558121
0.00533000000000000	-0.00413421621382727	-0.00103360150017271
0.00534000000000000	-0.00413416138773813	-0.00103359813031171
0.00535000000000000	-0.00413410474108686	-0.00103358987267898
0.00536000000000000	-0.00413404668781437	-0.00103357708904680
0.00537000000000000	-0.00413398763767906	-0.00103356024355387
0.00538000000000000	-0.00413392799380906	-0.00103353988780829
0.00539000000000000	-0.00413386815037328	-0.00103351664426143
0.00540000000000000	-0.00413380849038225	-0.00103349118832557
0.00541000000000000	-0.00413374938362841	-0.00103346422972405
0.00542000000000000	-0.00413369118477456	-0.00103343649356732
0.00543000000000000	-0.00413363423159765	-0.00103340870163912
0.00544000000000000	-0.00413357884339432	-0.00103338155435653
0.00545000000000000	-0.00413352531955289	-0.00103335571383635
0.00546000000000000	-0.00413347393829569	-0.00103333178845834
0.00547000000000000	-0.00413342495559423	-0.00103331031926645
0.00548000000000000	-0.00413337860425867	-0.00103329176849162
0.00549000000000000	-0.00413333509320166	-0.00103327651041802
0.00550000000000000	-0.00413329460687592	-0.00103326482474823
0.00551000000000000	-0.00413325730488346	-0.00103325689255539
0.00552000000000000	-0.00413322332175352	-0.00103325279484251
0.00553000000000000	-0.00413319276688542	-0.00103325251366288
0.00554000000000000	-0.00413316572465131	-0.00103325593569252
0.00555000000000000	-0.00413314225465334	-0.00103326285808779
0.00556000000000000	-0.00413312239212856	-0.00103327299640846
0.00557000000000000	-0.00413310614849451	-0.00103328599434225
0.00558000000000000	-0.00413309351202760	-0.00103330143492928
0.00559000000000000	-0.00413308444866568	-0.00103331885295710
0.00560000000000000	-0.00413307890292614	-0.00103333774817777
0.00561000000000000	-0.00413307679892975	-0.00103335759898867
0.00562000000000000	-0.00413307804152079	-0.00103337787621869
0.00563000000000000	-0.00413308251747322	-0.00103339805666971
0.00564000000000000	-0.00413309009677253	-0.00103341763608081
0.00565000000000000	-0.00413310063396305	-0.00103343614120743
0.00566000000000000	-0.00413311396954989	-0.00103345314073981
0.00567000000000000	-0.00413312993144521	-0.00103346825482280
0.00568000000000000	-0.00413314833644815	-0.00103348116298184
0.00569000000000000	-0.00413316899174811	-0.00103349161030619
0.00570000000000000	-0.00413319169644124	-0.00103349941178888
0.00571000000000000	-0.00413321624305002	-0.00103350445477246
0.00572000000000000	-0.00413324241903644	-0.00103350669949882
0.00573000000000000	-0.00413327000829935	-0.00103350617780905
0.00574000000000000	-0.00413329879264706	-0.00103350299008440
0.00575000000000000	-0.00413332855323676	-0.00103349730056073
0.00576000000000000	-0.00413335907197265	-0.00103348933118547
0.00577000000000000	-0.00413339013285542	-0.00103347935421763
0.00578000000000000	-0.00413342152327591	-0.00103346768379643
0.00579000000000000	-0.00413345303524679	-0.00103345466672309
0.00580000000000000	-0.00413348446656628	-0.00103344067271229
0.00581000000000000	-0.00413351562190886	-0.00103342608437520
0.00582000000000000	-0.00413354631383826	-0.00103341128719420
0.00583000000000000	-0.00413357636373897	-0.00103339665974174
0.00584000000000000	-0.00413360560266280	-0.00103338256438142
0.00585000000000000	-0.00413363387208799	-0.00103336933866989
0.00586000000000000	-0.00413366102458872	-0.00103335728765359
0.00587000000000000	-0.00413368692441371	-0.00103334667722575
0.00588000000000000	-0.00413371144797311	-0.00103333772867724
0.00589000000000000	-0.00413373448423348	-0.00103333061454053
0.00590000000000000	-0.00413375593502129	-0.00103332545579052
0.00591000000000000	-0.00413377571523587	-0.00103332232042972
0.00592000000000000	-0.00413379375297347	-0.00103332122344978
0.00593000000000000	-0.00413380998956419	-0.00103332212812685
0.00594000000000000	-0.00413382437952453	-0.00103332494857612
0.00595000000000000	-0.00413383689042839	-0.00103332955346166
0.00596000000000000	-0.00413384750269997	-0.00103333577073182
0.00597000000000000	-0.00413385620933225	-0.00103334339322876
0.00598000000000000	-0.00413386301553523	-0.00103335218500364
0.00599000000000000	-0.00413386793831835	-0.00103336188815628
0.00600000000000000	-0.00413387100601180	-0.00103337223001095
0.00601000000000000	-0.00413387225773160	-0.00103338293043721
0.00602000000000000	-0.00413387174279365	-0.00103339370912726
0.00603000000000000	-0.00413386952008201	-0.00103340429264814
0.00604000000000000	-0.00413386565737690	-0.00103341442109865
0.00605000000000000	-0.00413386023064777	-0.00103342385421615
0.00606000000000000	-0.00413385332331716	-0.00103343237679695
0.00607000000000000	-0.00413384502550080	-0.00103343980331582
0.00608000000000000	-0.00413383543322948	-0.00103344598165372
0.00609000000000000	-0.00413382464765825	-0.00103345079586803
0.00610000000000000	-0.00413381277426823	-0.00103345416796609
0.00611000000000000	-0.00413379992206633	-0.00103345605866868
0.00612000000000000	-0.00413378620278798	-0.00103345646717628
0.00613000000000000	-0.00413377173010779	-0.00103345542997528
0.00614000000000000	-0.00413375661886292	-0.00103345301874461
0.00615000000000000	-0.00413374098429349	-0.00103344933744364
0.00616000000000000	-0.00413372494130444	-0.00103344451868048
0.00617000000000000	-0.00413370860375276	-0.00103343871947465
0.00618000000000000	-0.00413369208376375	-0.00103343211653970
0.00619000000000000	-0.00413367549107969	-0.00103342490121961
0.00620000000000000	-0.00413365893244406	-0.00103341727421708
0.00621000000000000	-0.00413364251102400	-0.00103340944025289
0.00622000000000000	-0.00413362632587355	-0.00103340160279268
0.00623000000000000	-0.00413361047143956	-0.00103339395897165
0.00624000000000000	-0.00413359503711230	-0.00103338669483852
0.00625000000000000	-0.00413358010682196	-0.00103337998102816
0.00626000000000000	-0.00413356575868227	-0.00103337396895829
0.00627000000000000	-0.00413355206468195	-0.00103336878762918
0.00628000000000000	-0.00413353909042447	-0.00103336454108789
0.00629000000000000	-0.00413352689491614	-0.00103336130659984
0.00630000000000000	-0.00413351553040244	-0.00103335913355119
0.00631000000000000	-0.00413350504225209	-0.00103335804308685
0.00632000000000000	-0.00413349546888802	-0.00103335802846977
0.00633000000000000	-0.00413348684176423	-0.00103335905612981
0.00634000000000000	-0.00413347918538734	-0.00103336106735413
0.00635000000000000	-0.00413347251738105	-0.00103336398055630
0.00636000000000000	-0.00413346684859204	-0.00103336769404881
0.00637000000000000	-0.00413346218323511	-0.00103337208923350
0.00638000000000000	-0.00413345851907552	-0.00103337703411640
0.00639000000000000	-0.00413345584764621	-0.00103338238704850
0.00640000000000000	-0.00413345415449738	-0.00103338800059120
0.00641000000000000	-0.00413345341947590	-0.00103339372540541
0.00642000000000000	-0.00413345361703179	-0.00103339941406568
0.00643000000000000	-0.00413345471654904	-0.00103340492470597
0.00644000000000000	-0.00413345668269794	-0.00103341012441062
0.00645000000000000	-0.00413345947580590	-0.00103341489227339
0.00646000000000000	-0.00413346305224400	-0.00103341912205800
0.00647000000000000	-0.00413346736482625	-0.00103342272440612
0.00648000000000000	-0.00413347236321868	-0.00103342562855123
0.00649000000000000	-0.00413347799435533	-0.00103342778351121
0.00650000000000000	-0.00413348420285834	-0.00103342915874581
0.00651000000000000	-0.00413349093145944	-0.00103342974427963
0.00652000000000000	-0.00413349812141994	-0.00103342955030410
0.00653000000000000	-0.00413350571294684	-0.00103342860628515
0.00654000000000000	-0.00413351364560245	-0.00103342695961448
0.00655000000000000	-0.00413352185870514	-0.00103342467385267
0.00656000000000000	-0.00413353029171906	-0.00103342182662131
0.00657000000000000	-0.00413353888463059	-0.00103341850720816
0.00658000000000000	-0.00413354757830971	-0.00103341481395448
0.00659000000000000	-0.00413355631485441	-0.00103341085149731
0.00660000000000000	-0.00413356503791651	-0.00103340672794038
0.00661000000000000	-0.00413357369300743	-0.00103340255202717
0.00662000000000000	-0.00413358222778265	-0.00103339843038701
0.00663000000000000	-0.00413359059230371	-0.00103339446492124
0.00664000000000000	-0.00413359873927677	-0.00103339075039070
0.00665000000000000	-0.00413360662426706	-0.00103338737225875
0.00666000000000000	-0.00413361420588854	-0.00103338440483613
0.00667000000000000	-0.00413362144596845	-0.00103338190976469
0.00668000000000000	-0.00413362830968634	-0.00103337993486741
0.00669000000000000	-0.00413363476568775	-0.00103337851338208
0.00670000000000000	-0.00413364078617241	-0.00103337766358589
0.00671000000000000	-0.00413364634695728	-0.00103337738880782
0.00672000000000000	-0.00413365142751489	-0.00103337767781654
0.00673000000000000	-0.00413365601098741	-0.00103337850556205
0.00674000000000000	-0.00413366008417720	-0.00103337983424132
0.00675000000000000	-0.00413366363751462	-0.00103338161465089
0.00676000000000000	-0.00413366666500400	-0.00103338378778346
0.00677000000000000	-0.00413366916414879	-0.00103338628662047
0.00678000000000000	-0.00413367113585713	-0.00103338903806962
0.00679000000000000	-0.00413367258432883	-0.00103339196499394
0.00680000000000000	-0.00413367351692531	-0.00103339498827849
0.00681000000000000	-0.00413367394402366	-0.00103339802888161
0.00682000000000000	-0.00413367387885633	-0.00103340100981965
0.00683000000000000	-0.00413367333733789	-0.00103340385803732
0.00684000000000000	-0.00413367233788041	-0.00103340650612029
0.00685000000000000	-0.00413367090119885	-0.00103340889381198
0.00686000000000000	-0.00413366905010811	-0.00103341096930256
0.00687000000000000	-0.00413366680931334	-0.00103341269026491
0.00688000000000000	-0.00413366420519481	-0.00103341402461956
0.00689000000000000	-0.00413366126558909	-0.00103341495101787
0.00690000000000000	-0.00413365801956801	-0.00103341545904021
0.00691000000000000	-0.00413365449721666	-0.00103341554911313
0.00692000000000000	-0.00413365072941213	-0.00103341523215652
0.00693000000000000	-0.00413364674760418	-0.00103341452897804
0.00694000000000000	-0.00413364258359923	-0.00103341346943818
0.00695000000000000	-0.00413363826934887	-0.00103341209141398
0.00696000000000000	-0.00413363383674419	-0.00103341043959401
0.00697000000000000	-0.00413362931741690	-0.00103340856414005
0.00698000000000000	-0.00413362474254837	-0.00103340651925344
0.00699000000000000	-0.00413362014268751	-0.00103340436168506
0.00700000000000000	-0.00413361554757844	-0.00103340214922830
0.00701000000000000	-0.00413361098599850	-0.00103339993923329
0.00702000000000000	-0.00413360648560763	-0.00103339778717917
0.00703000000000000	-0.00413360207280937	-0.00103339574533839
0.00704000000000000	-0.00413359777262427	-0.00103339386156387
0.00705000000000000	-0.00413359360857590	-0.00103339217822537
0.00706000000000000	-0.00413358960258994	-0.00103339073131738
0.00707000000000000	-0.00413358577490646	-0.00103338954975534
0.00708000000000000	-0.00413358214400561	-0.00103338865487205
0.00709000000000000	-0.00413357872654671	-0.00103338806012060
0.00710000000000000	-0.00413357553732073	-0.00103338777098470
0.00711000000000000	-0.00413357258921601	-0.00103338778509228
0.00712000000000000	-0.00413356989319707	-0.00103338809252287
0.00713000000000000	-0.00413356745829616	-0.00103338867629515
0.00714000000000000	-0.00413356529161726	-0.00103338951301653
0.00715000000000000	-0.00413356339835212	-0.00103339057367352
0.00716000000000000	-0.00413356178180776	-0.00103339182453834
0.00717000000000000	-0.00413356044344506	-0.00103339322816555
0.00718000000000000	-0.00413355938292766	-0.00103339474445067
0.00719000000000000	-0.00413355859818072	-0.00103339633172219
0.00720000000000000	-0.00413355808545875	-0.00103339794783863
0.00721000000000000	-0.00413355783942173	-0.00103339955126274
0.00722000000000000	-0.00413355785321904	-0.00103340110208661
0.00723000000000000	-0.00413355811858011	-0.00103340256298355
0.00724000000000000	-0.00413355862591123	-0.00103340390006501
0.00725000000000000	-0.00413355936439759	-0.00103340508362401
0.00726000000000000	-0.00413356032210985	-0.00103340608875008
0.00727000000000000	-0.00413356148611433	-0.00103340689580416
0.00728000000000000	-0.00413356284258607	-0.00103340749074597
0.00729000000000000	-0.00413356437692389	-0.00103340786531045
0.00730000000000000	-0.00413356607386684	-0.00103340801703325
0.00731000000000000	-0.00413356791761095	-0.00103340794912977
0.00732000000000000	-0.00413356989192590	-0.00103340767023515
0.00733000000000000	-0.00413357198027059	-0.00103340719401618
0.00734000000000000	-0.00413357416590704	-0.00103340653866908
0.00735000000000000	-0.00413357643201200	-0.00103340572631912
0.00736000000000000	-0.00413357876178551	-0.00103340478234053
0.00737000000000000	-0.00413358113855594	-0.00103340373461607
0.00738000000000000	-0.00413358354588088	-0.00103340261275704
0.00739000000000000	-0.00413358596764347	-0.00103340144730428
0.00740000000000000	-0.00413358838814354	-0.00103340026893111
0.00741000000000000	-0.00413359079218338	-0.00103339910766810
0.00742000000000000	-0.00413359316514758	-0.00103339799216834
0.00743000000000000	-0.00413359549307664	-0.00103339694903064
0.00744000000000000	-0.00413359776273428	-0.00103339600219565
0.00745000000000000	-0.00413359996166790	-0.00103339517242786
0.00746000000000000	-0.00413360207826235	-0.00103339447689383
0.00747000000000000	-0.00413360410178662	-0.00103339392884409
0.00748000000000000	-0.00413360602243361	-0.00103339353740360
0.00749000000000000	-0.00413360783135271	-0.00103339330747251
0.00750000000000000	-0.00413360952067543	-0.00103339323973620
0.00751000000000000	-0.00413361108353397	-0.00103339333078106
0.00752000000000000	-0.00413361251407297	-0.00103339357330958
0.00753000000000000	-0.00413361380745445	-0.00103339395644631
0.00754000000000000	-0.00413361495985623	-0.00103339446612414
0.00755000000000000	-0.00413361596846404	-0.00103339508553860
0.00756000000000000	-0.00413361683145742	-0.00103339579565668
0.00757000000000000	-0.00413361754798992	-0.00103339657576556
0.00758000000000000	-0.00413361811816378	-0.00103339740404632
0.00759000000000000	-0.00413361854299933	-0.00103339825815734
0.00760000000000000	-0.00413361882439972	-0.00103339911581241
0.00761000000000000	-0.00413361896511110	-0.00103339995533925
0.00762000000000000	-0.00413361896867880	-0.00103340075620495
0.00763000000000000	-0.00413361883939982	-0.00103340149949623
0.00764000000000000	-0.00413361858227210	-0.00103340216834375
0.00765000000000000	-0.00413361820294104	-0.00103340274828177
0.00766000000000000	-0.00413361770764348	-0.00103340322753595
0.00767000000000000	-0.00413361710314988	-0.00103340359723446
0.00768000000000000	-0.00413361639670485	-0.00103340385153941
0.00769000000000000	-0.00413361559596666	-0.00103340398769797
0.00770000000000000	-0.00413361470894592	-0.00103340400601417
0.00771000000000000	-0.00413361374394415	-0.00103340390974491
0.00772000000000000	-0.00413361270949227	-0.00103340370492489
0.00773000000000000	-0.00413361161428974	-0.00103340340012728
0.00774000000000000	-0.00413361046714444	-0.00103340300616814
0.00775000000000000	-0.00413360927691385	-0.00103340253576377
0.00776000000000000	-0.00413360805244769	-0.00103340200315105
0.00777000000000000	-0.00413360680253245	-0.00103340142368165
0.00778000000000000	-0.00413360553583814	-0.00103340081340085
0.00779000000000000	-0.00413360426086727	-0.00103340018862238
0.00780000000000000	-0.00413360298590670	-0.00103339956550980
0.00781000000000000	-0.00413360171898220	-0.00103339895967489
0.00782000000000000	-0.00413360046781619	-0.00103339838580265
0.00783000000000000	-0.00413359923978865	-0.00103339785731132
0.00784000000000000	-0.00413359804190145	-0.00103339738605502
0.00785000000000000	-0.00413359688074623	-0.00103339698207515
0.00786000000000000	-0.00413359576247574	-0.00103339665340505
0.00787000000000000	-0.00413359469277902	-0.00103339640593149
0.00788000000000000	-0.00413359367686010	-0.00103339624331432
0.00789000000000000	-0.00413359271942061	-0.00103339616696476
0.00790000000000000	-0.00413359182464593	-0.00103339617608085
0.00791000000000000	-0.00413359099619515	-0.00103339626773740
0.00792000000000000	-0.00413359023719458	-0.00103339643702654
0.00793000000000000	-0.00413358955023486	-0.00103339667724360
0.00794000000000000	-0.00413358893737154	-0.00103339698011238
0.00795000000000000	-0.00413358840012898	-0.00103339733604275
0.00796000000000000	-0.00413358793950745	-0.00103339773441320
0.00797000000000000	-0.00413358755599342	-0.00103339816387037
0.00798000000000000	-0.00413358724957260	-0.00103339861263755
0.00799000000000000	-0.00413358701974585	-0.00103339906882412
0.00800000000000000	-0.00413358686554756	-0.00103339952072801
0.00801000000000000	-0.00413358678556647	-0.00103339995712397
0.00802000000000000	-0.00413358677796852	-0.00103340036753068
0.00803000000000000	-0.00413358684052177	-0.00103340074245082
0.00804000000000000	-0.00413358697062298	-0.00103340107357874
0.00805000000000000	-0.00413358716532564	-0.00103340135397169
0.00806000000000000	-0.00413358742136939	-0.00103340157818132
0.00807000000000000	-0.00413358773521040	-0.00103340174234357
0.00808000000000000	-0.00413358810305260	-0.00103340184422578
0.00809000000000000	-0.00413358852087955	-0.00103340188323136
0.00810000000000000	-0.00413358898448663	-0.00103340186036321
0.00811000000000000	-0.00413358948951349	-0.00103340177814800
0.00812000000000000	-0.00413359003147632	-0.00103340164052464
0.00813000000000000	-0.00413359060580005	-0.00103340145270067
0.00814000000000000	-0.00413359120784997	-0.00103340122098136
0.00815000000000000	-0.00413359183296281	-0.00103340095257654
0.00816000000000000	-0.00413359247647699	-0.00103340065539085
0.00817000000000000	-0.00413359313376190	-0.00103340033780311
0.00818000000000000	-0.00413359380024611	-0.00103340000844068
0.00819000000000000	-0.00413359447144422	-0.00103339967595481
0.00820000000000000	-0.00413359514298247	-0.00103339934880233
0.00821000000000000	-0.00413359581062268	-0.00103339903503927
0.00822000000000000	-0.00413359647028473	-0.00103339874213089
0.00823000000000000	-0.00413359711806718	-0.00103339847678272
0.00824000000000000	-0.00413359775026631	-0.00103339824479593
0.00825000000000000	-0.00413359836339312	-0.00103339805095003
0.00826000000000000	-0.00413359895418856	-0.00103339789891492
0.00827000000000000	-0.00413359951963681	-0.00103339779119368
0.00828000000000000	-0.00413360005697662	-0.00103339772909642
0.00829000000000000	-0.00413360056371063	-0.00103339771274498
0.00830000000000000	-0.00413360103761282	-0.00103339774110738
0.00831000000000000	-0.00413360147673396	-0.00103339781206010
0.00832000000000000	-0.00413360187940517	-0.00103339792247598
0.00833000000000000	-0.00413360224423957	-0.00103339806833442
0.00834000000000000	-0.00413360257013218	-0.00103339824485065
0.00835000000000000	-0.00413360285625795	-0.00103339844662018
0.00836000000000000	-0.00413360310206817	-0.00103339866777411
0.00837000000000000	-0.00413360330728518	-0.00103339890214141
0.00838000000000000	-0.00413360347189562	-0.00103339914341354
0.00839000000000000	-0.00413360359614219	-0.00103339938530737
0.00840000000000000	-0.00413360368051403	-0.00103339962172235
0.00841000000000000	-0.00413360372573589	-0.00103339984688810
0.00842000000000000	-0.00413360373275616	-0.00103340005549908
0.00843000000000000	-0.00413360370273382	-0.00103340024283324
0.00844000000000000	-0.00413360363702458	-0.00103340040485241
0.00845000000000000	-0.00413360353716607	-0.00103340053828216
0.00846000000000000	-0.00413360340486248	-0.00103340064067007
0.00847000000000000	-0.00413360324196857	-0.00103340071042144
0.00848000000000000	-0.00413360305047325	-0.00103340074681231
0.00849000000000000	-0.00413360283248286	-0.00103340074998023
0.00850000000000000	-0.00413360259020416	-0.00103340072089356
0.00851000000000000	-0.00413360232592732	-0.00103340066130099
0.00852000000000000	-0.00413360204200886	-0.00103340057366291
0.00853000000000000	-0.00413360174085473	-0.00103340046106714
0.00854000000000000	-0.00413360142490361	-0.00103340032713150
0.00855000000000000	-0.00413360109661050	-0.00103340017589615
0.00856000000000000	-0.00413360075843078	-0.00103340001170870
0.00857000000000000	-0.00413360041280476	-0.00103339983910520
0.00858000000000000	-0.00413360006214272	-0.00103339966269020
0.00859000000000000	-0.00413359970881078	-0.00103339948701880
0.00860000000000000	-0.00413359935511729	-0.00103339931648374
0.00861000000000000	-0.00413359900330022	-0.00103339915521004
0.00862000000000000	-0.00413359865551522	-0.00103339900695979
0.00863000000000000	-0.00413359831382465	-0.00103339887504902
0.00864000000000000	-0.00413359798018758	-0.00103339876227838
0.00865000000000000	-0.00413359765645065	-0.00103339867087902
0.00866000000000000	-0.00413359734434004	-0.00103339860247447
0.00867000000000000	-0.00413359704545435	-0.00103339855805897
0.00868000000000000	-0.00413359676125859	-0.00103339853799233
0.00869000000000000	-0.00413359649307915	-0.00103339854201094
0.00870000000000000	-0.00413359624209982	-0.00103339856925399
0.00871000000000000	-0.00413359600935883	-0.00103339861830400
0.00872000000000000	-0.00413359579574689	-0.00103339868724003
0.00873000000000000	-0.00413359560200624	-0.00103339877370179
0.00874000000000000	-0.00413359542873064	-0.00103339887496287
0.00875000000000000	-0.00413359527636634	-0.00103339898801086
0.00876000000000000	-0.00413359514521387	-0.00103339910963202
0.00877000000000000	-0.00413359503543077	-0.00103339923649850
0.00878000000000000	-0.00413359494703510	-0.00103339936525555
0.00879000000000000	-0.00413359487990972	-0.00103339949260674
0.00880000000000000	-0.00413359483380726	-0.00103339961539493
0.00881000000000000	-0.00413359480835581	-0.00103339973067733
0.00882000000000000	-0.00413359480306517	-0.00103339983579261
0.00883000000000000	-0.00413359481733366	-0.00103339992841904
0.00884000000000000	-0.00413359485045542	-0.00103340000662203
0.00885000000000000	-0.00413359490162816	-0.00103340006889066
0.00886000000000000	-0.00413359496996119	-0.00103340011416219
0.00887000000000000	-0.00413359505448388	-0.00103340014183474
0.00888000000000000	-0.00413359515415422	-0.00103340015176780
0.00889000000000000	-0.00413359526786768	-0.00103340014427125
0.00890000000000000	-0.00413359539446612	-0.00103340012008338
0.00891000000000000	-0.00413359553274676	-0.00103340008033876
0.00892000000000000	-0.00413359568147115	-0.00103340002652726
0.00893000000000000	-0.00413359583937411	-0.00103339996044539
0.00894000000000000	-0.00413359600517253	-0.00103339988414144
0.00895000000000000	-0.00413359617757401	-0.00103339979985606
0.00896000000000000	-0.00413359635528526	-0.00103339970995986
0.00897000000000000	-0.00413359653702035	-0.00103339961688973
0.00898000000000000	-0.00413359672150846	-0.00103339952308546
0.00899000000000000	-0.00413359690750152	-0.00103339943092835
0.00900000000000000	-0.00413359709378127	-0.00103339934268317
0.00901000000000000	-0.00413359727916600	-0.00103339926044489
0.00902000000000000	-0.00413359746251689	-0.00103339918609141
0.00903000000000000	-0.00413359764274375	-0.00103339912124316
0.00904000000000000	-0.00413359781881043	-0.00103339906723051
0.00905000000000000	-0.00413359798973959	-0.00103339902506948
0.00906000000000000	-0.00413359815461699	-0.00103339899544607
0.00907000000000000	-0.00413359831259533	-0.00103339897870951
0.00908000000000000	-0.00413359846289738	-0.00103339897487399
0.00909000000000000	-0.00413359860481874	-0.00103339898362900
0.00910000000000000	-0.00413359873772995	-0.00103339900435725
0.00911000000000000	-0.00413359886107810	-0.00103339903615998
0.00912000000000000	-0.00413359897438787	-0.00103339907788836
0.00913000000000000	-0.00413359907726214	-0.00103339912818027
0.00914000000000000	-0.00413359916938196	-0.00103339918550129
0.00915000000000000	-0.00413359925050615	-0.00103339924818872
0.00916000000000000	-0.00413359932047033	-0.00103339931449737
0.00917000000000000	-0.00413359937918556	-0.00103339938264608
0.00918000000000000	-0.00413359942663651	-0.00103339945086364
0.00919000000000000	-0.00413359946287925	-0.00103339951743295
0.00920000000000000	-0.00413359948803864	-0.00103339958073254
0.00921000000000000	-0.00413359950230538	-0.00103339963927426
0.00922000000000000	-0.00413359950593272	-0.00103339969173653
0.00923000000000000	-0.00413359949923292	-0.00103339973699228
0.00924000000000000	-0.00413359948257344	-0.00103339977413117
0.00925000000000000	-0.00413359945637283	-0.00103339980247561
0.00926000000000000	-0.00413359942109653	-0.00103339982159047
0.00927000000000000	-0.00413359937725246	-0.00103339983128638
0.00928000000000000	-0.00413359932538649	-0.00103339983161671
0.00929000000000000	-0.00413359926607776	-0.00103339982286859
0.00930000000000000	-0.00413359919993406	-0.00103339980554833
0.00931000000000000	-0.00413359912758704	-0.00103339978036174
0.00932000000000000	-0.00413359904968752	-0.00103339974819012
0.00933000000000000	-0.00413359896690078	-0.00103339971006259
0.00934000000000000	-0.00413359887990190	-0.00103339966712549
0.00935000000000000	-0.00413359878937121	-0.00103339962060994
0.00936000000000000	-0.00413359869598986	-0.00103339957179818
0.00937000000000000	-0.00413359860043549	-0.00103339952198970
0.00938000000000000	-0.00413359850337807	-0.00103339947246807
0.00939000000000000	-0.00413359840547594	-0.00103339942446918
0.00940000000000000	-0.00413359830737200	-0.00103339937915161
0.00941000000000000	-0.00413359820969020	-0.00103339933757002
0.00942000000000000	-0.00413359811303217	-0.00103339930065188
0.00943000000000000	-0.00413359801797413	-0.00103339926917815
0.00944000000000000	-0.00413359792506411	-0.00103339924376831
0.00945000000000000	-0.00413359783481934	-0.00103339922486984
0.00946000000000000	-0.00413359774772398	-0.00103339921275243
0.00947000000000000	-0.00413359766422711	-0.00103339920750679
0.00948000000000000	-0.00413359758474103	-0.00103339920904802
0.00949000000000000	-0.00413359750963978	-0.00103339921712328
0.00950000000000000	-0.00413359743925805	-0.00103339923132346
0.00951000000000000	-0.00413359737389026	-0.00103339925109836
0.00952000000000000	-0.00413359731378998	-0.00103339927577502
0.00953000000000000	-0.00413359725916965	-0.00103339930457846
0.00954000000000000	-0.00413359721020053	-0.00103339933665442
0.00955000000000000	-0.00413359716701288	-0.00103339937109331
0.00956000000000000	-0.00413359712969650	-0.00103339940695484
0.00957000000000000	-0.00413359709830137	-0.00103339944329262
0.00958000000000000	-0.00413359707283865	-0.00103339947917813
0.00959000000000000	-0.00413359705328176	-0.00103339951372351
0.00960000000000000	-0.00413359703956783	-0.00103339954610262
0.00961000000000000	-0.00413359703159914	-0.00103339957556980
0.00962000000000000	-0.00413359702924492	-0.00103339960147614
0.00963000000000000	-0.00413359703234315	-0.00103339962328272
0.00964000000000000	-0.00413359704070260	-0.00103339964057067
0.00965000000000000	-0.00413359705410493	-0.00103339965304793
0.00966000000000000	-0.00413359707230695	-0.00103339966055258
0.00967000000000000	-0.00413359709504290	-0.00103339966305284
0.00968000000000000	-0.00413359712202686	-0.00103339966064370
0.00969000000000000	-0.00413359715295516	-0.00103339965354061
0.00970000000000000	-0.00413359718750887	-0.00103339964207019
0.00971000000000000	-0.00413359722535628	-0.00103339962665856
0.00972000000000000	-0.00413359726615540	-0.00103339960781749
0.00973000000000000	-0.00413359730955643	-0.00103339958612879
0.00974000000000000	-0.00413359735520420	-0.00103339956222753
0.00975000000000000	-0.00413359740274058	-0.00103339953678434
0.00976000000000000	-0.00413359745180684	-0.00103339951048750
0.00977000000000000	-0.00413359750204592	-0.00103339948402498
0.00978000000000000	-0.00413359755310461	-0.00103339945806727
0.00979000000000000	-0.00413359760463568	-0.00103339943325098
0.00980000000000000	-0.00413359765629984	-0.00103339941016395
0.00981000000000000	-0.00413359770776768	-0.00103339938933204
0.00982000000000000	-0.00413359775872138	-0.00103339937120777
0.00983000000000000	-0.00413359780885636	-0.00103339935616138
0.00984000000000000	-0.00413359785788281	-0.00103339934447401
0.00985000000000000	-0.00413359790552701	-0.00103339933633351
0.00986000000000000	-0.00413359795153257	-0.00103339933183264
0.00987000000000000	-0.00413359799566148	-0.00103339933096973
0.00988000000000000	-0.00413359803769505	-0.00103339933365172
0.00989000000000000	-0.00413359807743466	-0.00103339933969936
0.00990000000000000	-0.00413359811470241	-0.00103339934885445
0.00991000000000000	-0.00413359814934153	-0.00103339936078882
0.00992000000000000	-0.00413359818121676	-0.00103339937511477
0.00993000000000000	-0.00413359821021448	-0.00103339939139674
0.00994000000000000	-0.00413359823624279	-0.00103339940916369
0.00995000000000000	-0.00413359825923135	-0.00103339942792216
0.00996000000000000	-0.00413359827913119	-0.00103339944716930
0.00997000000000000	-0.00413359829591431	-0.00103339946640583
0.00998000000000000	-0.00413359830957323	-0.00103339948514851
0.00999000000000000	-0.00413359832012035	-0.00103339950294175
0.0100000000000000	-0.00413359832758730	-0.00103339951936819