t y
0	1
0.100000000000000	0.991250000000000
0.200000000000000	0.954558515625000
0.300000000000000	0.876945042183702
0.400000000000000	0.757715615334322
0.500000000000000	0.601407705833975
0.600000000000000	0.415378148667672
0.700000000000000	0.208762551029238
0.800000000000000	-0.00818768481883819
0.900000000000000	-0.224680097839598
1	-0.429938434786789
1.10000000000000	-0.613745339118619
1.20000000000000	-0.766952887951634
1.30000000000000	-0.881938473695070
1.40000000000000	-0.952984238775348
1.50000000000000	-0.976561461941420
1.60000000000000	-0.951505839918631
1.70000000000000	-0.879074984903042
1.80000000000000	-0.762885307043137
1.90000000000000	-0.608731452065219
2	-0.424297310002122
2.10000000000000	-0.218773007836372
2.20000000000000	-0.00239697729588301
2.30000000000000	0.214054084028332
2.40000000000000	0.419801950103820
2.50000000000000	0.604603570031648
2.60000000000000	0.759261012551849
2.70000000000000	0.876079264203600
2.80000000000000	0.949249095699827
2.90000000000000	0.975135946982549
3	0.952460465140610
3.10000000000000	0.882361727475224
3.20000000000000	0.768340025545254
3.30000000000000	0.616082083941915
3.40000000000000	0.433177441132824
3.50000000000000	0.228740137527343
3.60000000000000	0.0129545682573949
3.70000000000000	-0.203431869466694
3.80000000000000	-0.409644059830201
3.90000000000000	-0.595415722481012
4	-0.751500519145030
4.10000000000000	-0.870132267378276
4.20000000000000	-0.945411355473961
4.30000000000000	-0.973598132059057
4.40000000000000	-0.953298680061940
4.50000000000000	-0.885533746456835
4.60000000000000	-0.773687419355706
4.70000000000000	-0.623338132714018
4.80000000000000	-0.441980437901011
4.90000000000000	-0.238651418935418
5	-0.0234803736266530
5.10000000000000	0.192815799968594
5.20000000000000	0.399466373349980
5.30000000000000	0.586183128522889
5.40000000000000	0.743672562394749
5.50000000000000	0.864098454273896
5.60000000000000	0.941471773026783
5.70000000000000	0.971948523297783
5.80000000000000	0.954020718357395
5.90000000000000	0.888590991953564
6	0.778927157696440
6.10000000000000	0.630499003292429
6.20000000000000	0.450705470606796
6.30000000000000	0.248505829117193
6.40000000000000	0.0339732281952229
6.50000000000000	-0.182207124956238
6.60000000000000	-0.389270162066611
6.70000000000000	-0.576907018227724
6.80000000000000	-0.735778269795375
6.90000000000000	-0.857978793686019
7	-0.937431110246243
7.10000000000000	-0.970187637783140
7.20000000000000	-0.954626826609714
7.30000000000000	-0.891533427823266
7.40000000000000	-0.784058923558050
7.50000000000000	-0.637564113643548
7.60000000000000	-0.459351721229125
7.70000000000000	-0.258302354845972
7.80000000000000	-0.0444319740245219
7.90000000000000	0.171607089390738
8	0.379056695952893
8.10000000000000	0.567588623336411
8.20000000000000	0.727818773529016
8.30000000000000	0.851774261881200
8.40000000000000	0.933290138901957
8.50000000000000	0.968316004399321
8.60000000000000	0.955117264531563
8.70000000000000	0.894361031729795
8.80000000000000	0.789082413725591
8.90000000000000	0.644532894829802
9	0.467918383492557
9.10000000000000	0.268039992705666
9.20000000000000	0.0548554605634438
9.30000000000000	-0.161016933636223
9.40000000000000	-0.368827243403477
9.50000000000000	-0.558229177108489
9.60000000000000	-0.719795210316969
9.70000000000000	-0.845485842459077
9.80000000000000	-0.929049640524790
9.90000000000000	-0.966334163733378
10	-0.955492304896932
10.1000000000000	-0.897073795106127
10.2000000000000	-0.793997338775254
10.3000000000000	-0.651404791040034
10.4000000000000	-0.476404662929852
10.5000000000000	-0.277717749182453
10.6000000000000	-0.0652425447645176
10.7000000000000	0.150437893324971
10.8000000000000	0.358583071087998
10.9000000000000	0.548829914170606
11	0.711708721271052
11.1000000000000	0.839114526213973
11.2000000000000	0.924710406285622
11.3000000000000	0.964242667977181
11.4000000000000	0.955752233471167
11.5000000000000	0.899671723115939
11.6000000000000	0.798803423069408
11.7000000000000	0.658179259618241
11.8000000000000	0.484809776942970
11.9000000000000	0.287334640754987
12	0.0755920911988367
12.1000000000000	-0.139871199223490
12.2000000000000	-0.348325443804848
12.3000000000000	-0.539392070365249
12.4000000000000	-0.703560451744833
12.5000000000000	-0.832661310996036
12.6000000000000	-0.920273236873314
12.7000000000000	-0.962042080828278
12.8000000000000	-0.955897348939658
12.9000000000000	-0.902154834613671
13	-0.803500404750011
13.1000000000000	-0.664855771090664
13.2000000000000	-0.493132954862480
13.3000000000000	-0.296889693983165
13.4000000000000	-0.0859029721697511
13.5000000000000	0.129318077099564
13.6000000000000	0.338055624335574
13.7000000000000	0.529916882599767
13.8000000000000	0.695351551184790
13.9000000000000	0.826127201571940
14	0.915738942371881
14.1000000000000	0.959732977389661
14.2000000000000	0.955927962835181
14.3000000000000	0.904523162103059
14.4000000000000	0.808088035730393
14.5000000000000	0.671433809191221
14.6000000000000	0.501373438005364
14.7000000000000	0.306381945595427
14.8000000000000	0.0961740678253101
14.9000000000000	-0.118779747590273
15	-0.327774873299948
15.1000000000000	-0.520405588695695
15.2000000000000	-0.687083172981395
15.3000000000000	-0.819513209485154
15.4000000000000	-0.911108342136898
15.5000000000000	-0.957315944068463
15.6000000000000	-0.955844399463917
15.7000000000000	-0.906776751694162
15.8000000000000	-0.812566081685422
15.9000000000000	-0.677912870885292
16	-0.509530479731244
16.1000000000000	-0.315810442574599
16.2000000000000	-0.106404266269447
16.3000000000000	0.108257426071011
16.4000000000000	0.317484449011703
16.5000000000000	0.510859427238402
16.6000000000000	0.678756474320165
16.7000000000000	0.812820352915806
16.8000000000000	0.906382264671159
16.9000000000000	0.954791578473586
17	0.955646995830167
17.1000000000000	0.908915663058884
17.2000000000000	0.816934322040053
17.3000000000000	0.684292466391860
17.4000000000000	0.517603345496992
17.5000000000000	0.325174242242264
17.6000000000000	0.116592463671896
17.7000000000000	-0.0977523225254958
17.8000000000000	-0.307185607334958
17.9000000000000	-0.501279637427079
18	-0.670372616032681
18.1000000000000	-0.806049656540150
18.2000000000000	-0.901561547499591
18.3000000000000	-0.952160489312302
18.4000000000000	-0.955336101559753
18.5000000000000	-0.910939969385013
18.6000000000000	-0.821192549956273
18.7000000000000	-0.690572119204003
18.8000000000000	-0.525591312909753
18.9000000000000	-0.334472412341658
19	-0.126737564376832
19.1000000000000	0.0872656414168060
19.2000000000000	0.296879601541346
19.3000000000000	0.491667458925082
19.4000000000000	0.661932762447601
19.5000000000000	0.799202151389673
19.6000000000000	0.896647037043457
19.7000000000000	0.949423296285804
19.8000000000000	0.954912078822145
19.9000000000000	0.912849757328770
20	0.825340572318437
20.1000000000000	0.696751366107747
20.2000000000000	0.533493671778359
20.3000000000000	0.343704031119082
20.4000000000000	0.136838481010223
20.5000000000000	-0.0767985815594394
20.6000000000000	-0.286567682167867
20.7000000000000	-0.482024131710652
20.8000000000000	-0.653438081241681
20.9000000000000	-0.792278874709831
21	-0.891639588493854
21.1000000000000	-0.946580629983768
21.2000000000000	-0.954375302251303
21.3000000000000	-0.914645126965888
21.4000000000000	-0.829378209717014
21.5000000000000	-0.702829757199273
21.6000000000000	-0.541309724163141
21.7000000000000	-0.352868187403835
21.8000000000000	-0.146894134585884
21.9000000000000	0.0663523359924143
22	0.276251096875465
22.1000000000000	0.472350895928018
22.2000000000000	0.644889743290822
22.3000000000000	0.785280869818459
22.4000000000000	0.886540065684527
22.5000000000000	0.943633131777895
22.6000000000000	0.953726158865269
22.7000000000000	0.916326191741236
22.8000000000000	0.833305296430743
22.9000000000000	0.708806855900492
23	0.549038784424139
23.1000000000000	0.361963980686642
23.2000000000000	0.156903454610232
23.3000000000000	-0.0559280918534228
23.4000000000000	-0.265931090308358
23.5000000000000	-0.462648991738915
23.6000000000000	-0.636288922521166
23.7000000000000	-0.778209185963860
23.8000000000000	-0.881349340964017
23.9000000000000	-0.940581453714486
24	-0.952965047984498
24.1000000000000	-0.917893078416984
24.2000000000000	-0.837121680407201
24.3000000000000	-0.714682238972983
24.4000000000000	-0.556680179267699
24.5000000000000	-0.370990521196598
24.6000000000000	-0.166865379185725
24.7000000000000	0.0455270302540496
24.8000000000000	0.255608903954136
24.9000000000000	0.452919659174519
25	0.627636795760250
25.1000000000000	0.771064878182592
25.2000000000000	0.876068295067157
25.3000000000000	0.937426258406048
25.4000000000000	0.952092381148972
25.5000000000000	0.919345927019331
25.6000000000000	0.840827223241805
25.7000000000000	0.720455496530293
25.8000000000000	0.564233247791473
25.9000000000000	0.379946929976604
26	0.176778855112974
26.1000000000000	-0.0351503261560672
26.2000000000000	-0.245285776004625
26.3000000000000	-0.443164137987824
26.4000000000000	-0.618934542588244
26.5000000000000	-0.763849007156965
26.6000000000000	-0.870697816985937
26.7000000000000	-0.934168218921939
26.8000000000000	-0.951108582034074
26.9000000000000	-0.920684890783799
27	-0.844421800155236
27.1000000000000	-0.726126232048621
27.2000000000000	-0.571697341527801
27.3000000000000	-0.388832338957295
27.4000000000000	-0.186642837991529
27.5000000000000	0.0247991482488182
27.6000000000000	0.234962941217553
27.7000000000000	0.433383667506475
27.8000000000000	0.610183345189281
27.9000000000000	0.756562639072286
28	0.865238803839753
28.1000000000000	0.930808018678099
28.2000000000000	0.950014086365270
28.3000000000000	0.921910136099115
28.4000000000000	0.847905299969309
28.5000000000000	0.731694062375863
28.6000000000000	0.579071824485493
28.7000000000000	0.397645891029459
28.8000000000000	0.196456292319330
28.9000000000000	-0.0144746588277000
29	-0.224641630779016
29.1000000000000	-0.423579486486072
29.2000000000000	-0.601384388202907
29.3000000000000	-0.749206845473843
29.4000000000000	-0.859692160745058
29.5000000000000	-0.927346351325836
29.6000000000000	-0.948809341831587
29.7000000000000	-0.923021842449675
29.8000000000000	-0.851277625081280
29.9000000000000	-0.737158617739045
30	-0.586356073189996