t y
0	1
0.100000000000000	1
0.200000000000000	1
0.300000000000000	1
0.400000000000000	1
0.500000000000000	1
0.600000000000000	1
0.700000000000000	1
0.800000000000000	1
0.900000000000000	1
1	1
1.10000000000000	1
1.20000000000000	1
1.30000000000000	1
1.40000000000000	1
1.50000000000000	1
1.60000000000000	1
1.70000000000000	1
1.80000000000000	1
1.90000000000000	1
2	1
2.10000000000000	1
2.20000000000000	1
2.30000000000000	1
2.40000000000000	1
2.50000000000000	1
2.60000000000000	1
2.70000000000000	1
2.80000000000000	1
2.90000000000000	1
3	1
3.10000000000000	1
3.20000000000000	1
3.30000000000000	1
3.40000000000000	1
3.50000000000000	1
3.60000000000000	1
3.70000000000000	1
3.80000000000000	1
3.90000000000000	1
4	1
4.10000000000000	1
4.20000000000000	1
4.30000000000000	1
4.40000000000000	1
4.50000000000000	1
4.60000000000000	1
4.70000000000000	1
4.80000000000000	1
4.90000000000000	1
5	1
5.10000000000000	1
5.20000000000000	1
5.30000000000000	1
5.40000000000000	1
5.50000000000000	1
5.60000000000000	1
5.70000000000000	1
5.80000000000000	1
5.90000000000000	1
6	1
6.10000000000000	1
6.20000000000000	1
6.30000000000000	1
6.40000000000000	1
6.50000000000000	1
6.60000000000000	1
6.70000000000000	1
6.80000000000000	1
6.90000000000000	1
7	1
7.10000000000000	1
7.20000000000000	1
7.30000000000000	1
7.40000000000000	1
7.50000000000000	1
7.60000000000000	1
7.70000000000000	1
7.80000000000000	1
7.90000000000000	1
8	1
8.10000000000000	1
8.20000000000000	1
8.30000000000000	1
8.40000000000000	1
8.50000000000000	1
8.60000000000000	1
8.70000000000000	1
8.80000000000000	1
8.90000000000000	1
9	1
9.10000000000000	1
9.20000000000000	1
9.30000000000000	1
9.40000000000000	1
9.50000000000000	1
9.60000000000000	1
9.70000000000000	1
9.80000000000000	1
9.90000000000000	1
10	1
10.1000000000000	1
10.2000000000000	1
10.3000000000000	1
10.4000000000000	1
10.5000000000000	1
10.6000000000000	1
10.7000000000000	1
10.8000000000000	1
10.9000000000000	1
11	1
11.1000000000000	1
11.2000000000000	1
11.3000000000000	1
11.4000000000000	1
11.5000000000000	1
11.6000000000000	1
11.7000000000000	1
11.8000000000000	1
11.9000000000000	1
12	1
12.1000000000000	1
12.2000000000000	1
12.3000000000000	1
12.4000000000000	1
12.5000000000000	1
12.6000000000000	1
12.7000000000000	1
12.8000000000000	1
12.9000000000000	1
13	1
13.1000000000000	1
13.2000000000000	1
13.3000000000000	1
13.4000000000000	1
13.5000000000000	1
13.6000000000000	1
13.7000000000000	1
13.8000000000000	1
13.9000000000000	1
14	1
14.1000000000000	1
14.2000000000000	1
14.3000000000000	1
14.4000000000000	1
14.5000000000000	1
14.6000000000000	1
14.7000000000000	1
14.8000000000000	1
14.9000000000000	1
15	1
15.1000000000000	1
15.2000000000000	1
15.3000000000000	1
15.4000000000000	1
15.5000000000000	1
15.6000000000000	1
15.7000000000000	1
15.8000000000000	1
15.9000000000000	1
16	1
16.1000000000000	1
16.2000000000000	1
16.3000000000000	1
16.4000000000000	1
16.5000000000000	1
16.6000000000000	1
16.7000000000000	1
16.8000000000000	1
16.9000000000000	1
17	1
17.1000000000000	1
17.2000000000000	1
17.3000000000000	1
17.4000000000000	1
17.5000000000000	1
17.6000000000000	1
17.7000000000000	1
17.8000000000000	1
17.9000000000000	1
18	1
18.1000000000000	1
18.2000000000000	1
18.3000000000000	1
18.4000000000000	1
18.5000000000000	1
18.6000000000000	1
18.7000000000000	1
18.8000000000000	1
18.9000000000000	1
19	1
19.1000000000000	1
19.2000000000000	1
19.3000000000000	1
19.4000000000000	1
19.5000000000000	1
19.6000000000000	1
19.7000000000000	1
19.8000000000000	1
19.9000000000000	1
20	1
20.1000000000000	1
20.2000000000000	1
20.3000000000000	1
20.4000000000000	1
20.5000000000000	1
20.6000000000000	1
20.7000000000000	1
20.8000000000000	1
20.9000000000000	1
21	1
21.1000000000000	1
21.2000000000000	1
21.3000000000000	1
21.4000000000000	1
21.5000000000000	1
21.6000000000000	1
21.7000000000000	1
21.8000000000000	1
21.9000000000000	1
22	1
22.1000000000000	1
22.2000000000000	1
22.3000000000000	1
22.4000000000000	1
22.5000000000000	1
22.6000000000000	1
22.7000000000000	1
22.8000000000000	1
22.9000000000000	1
23	1
23.1000000000000	1
23.2000000000000	1
23.3000000000000	1
23.4000000000000	1
23.5000000000000	1
23.6000000000000	1
23.7000000000000	1
23.8000000000000	1
23.9000000000000	1
24	1
24.1000000000000	1
24.2000000000000	1
24.3000000000000	1
24.4000000000000	1
24.5000000000000	1
24.6000000000000	1
24.7000000000000	1
24.8000000000000	1
24.9000000000000	1
25	1
25.1000000000000	1
25.2000000000000	1
25.3000000000000	1
25.4000000000000	1
25.5000000000000	1
25.6000000000000	1
25.7000000000000	1
25.8000000000000	1
25.9000000000000	1
26	1
26.1000000000000	1
26.2000000000000	1
26.3000000000000	1
26.4000000000000	1
26.5000000000000	1
26.6000000000000	1
26.7000000000000	1
26.8000000000000	1
26.9000000000000	1
27	1
27.1000000000000	1
27.2000000000000	1
27.3000000000000	1
27.4000000000000	1
27.5000000000000	1
27.6000000000000	1
27.7000000000000	1
27.8000000000000	1
27.9000000000000	1
28	1
28.1000000000000	1
28.2000000000000	1
28.3000000000000	1
28.4000000000000	1
28.5000000000000	1
28.6000000000000	1
28.7000000000000	1
28.8000000000000	1
28.9000000000000	1
29	1
29.1000000000000	1
29.2000000000000	1
29.3000000000000	1
29.4000000000000	1
29.5000000000000	1
29.6000000000000	1
29.7000000000000	1
29.8000000000000	1
29.9000000000000	1
30	1